361 1
5.1e-05
9e-05
9e-05
9.8e-05
5.8e-05
0.000103
7.7e-05
0.000136
0.000104
0.000137
0.000145
8.8e-05
0.000117
0.00013
0.000127
8.4e-05
7.4e-05
9.9e-05
8.8e-05
9.8e-05
0.000107
9e-05
9.6e-05
0.000107
9.9e-05
7.7e-05
9.1e-05
9e-06
6.3e-05
6.3e-05
6e-05
8.6e-05
0.000119
0.00013
0.00012
0.000111
9.7e-05
8.4e-05
7.7e-05
8e-05
8.6e-05
8.6e-05
0.000122
0.000102
7.1e-05
0.000111
0.000115
9.7e-05
7.2e-05
8.9e-05
9e-05
0.000103
0.000125
5.4e-05
-3.1e-05
3.6e-05
0.000105
7.6e-05
0.000171
0.000143
6.3e-05
0.000147
2.6e-05
3.2e-05
6.7e-05
1.6e-05
2.6e-05
3.8e-05
0.000135
0.000151
6.4e-05
3.7e-05
7.4e-05
9.8e-05
8.1e-05
7.2e-05
9.2e-05
7.2e-05
3.5e-05
3.7e-05
7e-05
5.4e-05
4.5e-05
4.6e-05
5.6e-05
0.000139
0.000142
0.000139
0.000102
7.9e-05
5.9e-05
7.9e-05
9.9e-05
0.000108
0.000108
0.000105
9.8e-05
0.000116
0.000156
4.8e-05
1.2e-05
6.4e-05
7.6e-05
0.000102
0.000105
0.000153
0.000117
0.000119
0.000115
6.3e-05
7e-05
7.7e-05
9.2e-05
0.000109
0.000127
0.000165
9.3e-05
0.000119
3.5e-05
4e-05
7.1e-05
5.8e-05
6.1e-05
7.1e-05
8.1e-05
8.4e-05
7.5e-05
8.2e-05
7.3e-05
8.5e-05
8.7e-05
0.000106
9.9e-05
8.2e-05
2.7e-05
8.7e-05
5.8e-05
4.7e-05
7.9e-05
0.00011
0.000106
9.9e-05
0.000107
0.000103
0.000102
0.000108
0.000119
0.000134
0.000152
0.000159
0.00013
9.6e-05
0.000124
0.000133
0.000106
0.0001
0.000125
9.1e-05
4.9e-05
5.6e-05
6.3e-05
0.000105
0.000135
8.2e-05
6.6e-05
6.8e-05
5.6e-05
5.3e-05
6.8e-05
8.2e-05
9.9e-05
7.6e-05
0.000105
6.6e-05
5.1e-05
5.9e-05
6.1e-05
4.3e-05
5.1e-05
3.8e-05
4.6e-05
5.3e-05
5.1e-05
6.1e-05
5.9e-05
6.1e-05
5.4e-05
4.8e-05
5e-05
4.9e-05
4.7e-05
4.4e-05
4.2e-05
4.3e-05
4.7e-05
5.2e-05
5.4e-05
5.1e-05
4.5e-05
4.2e-05
4.2e-05
4.5e-05
4.9e-05
5e-05
4.8e-05
4.5e-05
4.9e-05
5.6e-05
6.4e-05
7.3e-05
7.6e-05
7.5e-05
7.6e-05
7.7e-05
8.3e-05
9.1e-05
8.7e-05
6.5e-05
4.1e-05
4.2e-05
4e-05
7.4e-05
9.8e-05
9.3e-05
5.8e-05
5.1e-05
3.1e-05
3.1e-05
-3.8e-05
2.2e-05
7.6e-05
7e-05
0.000108
0.00013
4.6e-05
2.9e-05
7.1e-05
6.4e-05
4.4e-05
7.2e-05
3.4e-05
3.3e-05
3.3e-05
5.3e-05
4.4e-05
4.4e-05
3e-05
2.8e-05
3.8e-05
5.9e-05
6.2e-05
5.6e-05
5e-05
9.8e-05
0.000138
0.000149
0.000102
0.000128
0.000172
0.000127
5.6e-05
5.2e-05
6.8e-05
9.4e-05
0.000109
0.000142
0.000178
0.000149
6.7e-05
5e-05
6e-05
4.9e-05
4.4e-05
5.4e-05
7.6e-05
0.000101
7.4e-05
8.6e-05
7e-05
6.3e-05
4.8e-05
6.5e-05
7.1e-05
7.1e-05
6.6e-05
7.3e-05
9.5e-05
9.7e-05
0.000114
0.000102
4.9e-05
4.9e-05
6.4e-05
6.9e-05
5.2e-05
1.6e-05
2.4e-05
7.3e-05
6.8e-05
8.1e-05
0.000124
0.000147
0.000137
0.00011
8.8e-05
8.6e-05
9.3e-05
0.000116
0.000108
9.4e-05
7.7e-05
7.4e-05
7.4e-05
7.6e-05
7.2e-05
8.6e-05
8.3e-05
7.2e-05
8e-05
7.3e-05
6.9e-05
8.8e-05
9.4e-05
8.1e-05
7.6e-05
6.4e-05
7.8e-05
7.3e-05
4.9e-05
6.4e-05
5.7e-05
5.8e-05
6e-05
8.1e-05
0.000133
0.000174
0.000192
0.000122
8.3e-05
0.000123
0.000105
9e-05
7.4e-05
8.4e-05
9.4e-05
8.8e-05
8.1e-05
7.1e-05
6.4e-05
6.4e-05
7.2e-05
7.4e-05
8.1e-05
9e-05
9.2e-05
7.5e-05
7.6e-05
5.2e-05
3.7e-05
4e-05
5.1e-05
361 1
5e-05
4.2e-05
4.7e-05
5.7e-05
7.1e-05
0.000102
7.1e-05
0.000104
0.000115
0.000114
0.000149
0.00011
7.9e-05
0.000122
0.000138
8.2e-05
7.3e-05
9.6e-05
7.8e-05
8.1e-05
8.9e-05
7e-05
0.0001
8.9e-05
8.9e-05
8.6e-05
0.00011
-8e-06
6.6e-05
4.5e-05
6.4e-05
7.3e-05
8e-05
9e-05
0.000104
0.000107
0.000101
0.000107
9.4e-05
9.4e-05
0.000106
6.5e-05
4.5e-05
7.5e-05
7.9e-05
0.000122
0.000128
9.8e-05
0.000111
0.000107
8.8e-05
0.0001
5.8e-05
-5e-06
-1.6e-05
-5e-06
6.9e-05
6.6e-05
0.000148
0.000153
6.1e-05
6.3e-05
0.000116
0.000195
1.9e-05
1.6e-05
0.000102
-4e-06
7.5e-05
9.7e-05
2e-05
5.4e-05
2.9e-05
5.5e-05
6e-06
3.2e-05
9e-06
0.000107
4.9e-05
4.4e-05
2.6e-05
7.4e-05
8.1e-05
9.2e-05
8.6e-05
0.000118
0.000102
0.000212
6.1e-05
0.000111
0.000153
3.7e-05
4.2e-05
7.9e-05
8.7e-05
6.1e-05
6.3e-05
0.000178
8e-05
9.1e-05
0.000137
0.000164
9.3e-05
5.5e-05
5.6e-05
8.5e-05
8.9e-05
0.000112
0.000152
0.000141
0.000107
7.7e-05
6.9e-05
6.6e-05
6.7e-05
0.000109
0.00011
0.0001
0.000108
9.4e-05
4.7e-05
5.7e-05
5.5e-05
4.9e-05
6.1e-05
7.2e-05
7.6e-05
6.2e-05
5.5e-05
6.1e-05
6.2e-05
7.4e-05
0.00011
0.000115
8.2e-05
5.2e-05
5.3e-05
9.2e-05
6.3e-05
4.6e-05
9.5e-05
0.000122
0.00012
0.000108
7.9e-05
6.7e-05
7.7e-05
8.5e-05
9e-05
9.6e-05
0.000107
0.000116
0.000109
8.5e-05
0.000121
0.000116
0.000105
9.1e-05
0.000115
0.000127
4.5e-05
4.1e-05
9.1e-05
0.000135
8.1e-05
0.000116
6e-05
5.8e-05
6.4e-05
7.3e-05
8.7e-05
8.1e-05
8.4e-05
7e-05
5.4e-05
0.000139
3.8e-05
5.1e-05
5.7e-05
6.2e-05
6e-05
5.8e-05
5.9e-05
6.1e-05
6.1e-05
5.7e-05
5.2e-05
5e-05
5.4e-05
6e-05
6.1e-05
6.1e-05
5.8e-05
5.3e-05
5e-05
4.9e-05
4.9e-05
5e-05
4.9e-05
4.7e-05
4.4e-05
4.4e-05
4.9e-05
5.3e-05
5.4e-05
5.2e-05
5.3e-05
7.1e-05
9.3e-05
0.000105
0.000109
0.000107
0.000107
0.00011
0.000113
0.000112
0.000109
0.0001
0.000103
8.5e-05
4.6e-05
7.3e-05
8.3e-05
8e-05
8.8e-05
5.7e-05
7.3e-05
6.2e-05
2.8e-05
6.1e-05
0
6e-06
0.000194
0.000155
9.3e-05
3.2e-05
9.8e-05
7.6e-05
5.7e-05
5.1e-05
6.5e-05
4.9e-05
3.7e-05
4.7e-05
4.4e-05
3.7e-05
3.6e-05
3.6e-05
4.4e-05
4.7e-05
4.2e-05
3.2e-05
4.2e-05
8e-05
0.000109
0.000118
0.000109
0.000123
0.000123
9.8e-05
0.000102
7.4e-05
6.1e-05
0.000125
6.8e-05
6.2e-05
9.6e-05
9.4e-05
7.5e-05
0.000133
0.000129
8.2e-05
7e-05
5.3e-05
5.5e-05
7.2e-05
0.000103
7.9e-05
3.9e-05
1.4e-05
1.9e-05
5.5e-05
9.1e-05
9.5e-05
9.1e-05
8.8e-05
0.000107
0.000116
0.000164
0.000128
9.3e-05
6.2e-05
4.4e-05
5e-05
6.6e-05
6.4e-05
4.9e-05
1.7e-05
7e-05
6.5e-05
6.3e-05
9.7e-05
0.000139
0.000147
0.000128
0.000107
9.1e-05
9e-05
0.000114
9.6e-05
9.1e-05
8.2e-05
8.6e-05
8.2e-05
7e-05
8.6e-05
7.8e-05
5.7e-05
5.1e-05
6.5e-05
8.5e-05
8.2e-05
7.8e-05
8.7e-05
8.9e-05
8.1e-05
7.1e-05
7.6e-05
7.4e-05
7e-05
7.1e-05
7.2e-05
7.3e-05
7e-05
8.9e-05
0.000104
0.000157
0.000156
0.000148
0.000123
0.000114
0.000112
0.000107
7e-05
5.5e-05
5.6e-05
6.5e-05
6.4e-05
6.2e-05
6.8e-05
7e-05
8.6e-05
7.6e-05
8.3e-05
8.3e-05
8e-05
8.3e-05
7.4e-05
5.9e-05
6.8e-05
5e-05
361 1
8.7e-05
8.3e-05
6e-05
4.5e-05
3.9e-05
6.8e-05
6.3e-05
0.000104
0.000121
9.7e-05
9.1e-05
0.000134
0.000113
9e-05
0.00014
0.000111
6.6e-05
9.3e-05
7.1e-05
8.4e-05
9.1e-05
7.3e-05
9e-05
9.1e-05
3.1e-05
8.5e-05
9.1e-05
1.5e-05
8.9e-05
6.8e-05
5.1e-05
8e-05
7.1e-05
6.3e-05
6e-05
5.4e-05
5.2e-05
6.5e-05
7.3e-05
8.3e-05
9.4e-05
7.4e-05
3.7e-05
6e-05
8.3e-05
-4e-05
8.3e-05
9.7e-05
0.00011
0.000133
0.000114
7.5e-05
3.6e-05
-8.7e-05
2.8e-05
-1e-05
3.7e-05
8e-05
8.3e-05
0.000109
6e-05
6.4e-05
0.000116
0.000137
3e-05
5.3e-05
-1.4e-05
-4e-06
3.5e-05
8.1e-05
8.4e-05
7.4e-05
3.3e-05
0.000126
-6e-06
4.7e-05
3.5e-05
4.7e-05
4.7e-05
5.9e-05
1.6e-05
5e-05
8.7e-05
6.2e-05
0.000114
0.000104
9.7e-05
0.000135
7.2e-05
9.2e-05
6.5e-05
8.2e-05
0.000114
8.1e-05
-3.1e-05
7e-05
2.4e-05
3.2e-05
3e-05
5.7e-05
5.9e-05
3.1e-05
5.9e-05
7.2e-05
0.00013
0.000116
7.7e-05
4.9e-05
8.2e-05
0.000118
0.000143
0.00013
6.6e-05
4.5e-05
5.4e-05
4.5e-05
4.3e-05
8.7e-05
0.000104
0.000122
0.000112
9.3e-05
3.9e-05
4.7e-05
5.5e-05
5e-05
7.6e-05
3.8e-05
7e-06
1e-06
8e-06
1.8e-05
2.5e-05
6.7e-05
0.000106
0.000129
7.9e-05
5.8e-05
4.1e-05
9.2e-05
9.4e-05
4.6e-05
2.7e-05
8.3e-05
0.000148
0.000142
0.000128
0.000117
0.000101
8.7e-05
8.3e-05
8.2e-05
8e-05
7.7e-05
7.7e-05
9.6e-05
0.000131
0.000103
0.000107
8.2e-05
0.000102
0.000135
2.8e-05
5.2e-05
0.000158
6e-05
7.9e-05
7.7e-05
7.9e-05
8.5e-05
8.1e-05
8.5e-05
6.9e-05
6.7e-05
6.4e-05
6.2e-05
6e-05
6.3e-05
6.8e-05
6.7e-05
7e-05
7.1e-05
6.7e-05
6.1e-05
5.6e-05
5.4e-05
5.1e-05
5.1e-05
5.1e-05
5.3e-05
5.6e-05
5.8e-05
5.7e-05
5.6e-05
5e-05
4.4e-05
4.1e-05
3.9e-05
3.6e-05
3e-05
2.2e-05
2.1e-05
2.2e-05
3e-05
5.1e-05
7.1e-05
8.1e-05
7.8e-05
7.4e-05
7.4e-05
7.4e-05
8.2e-05
9.6e-05
0.000104
0.00011
0.000109
0.000112
0.000108
0.000106
0.000116
8e-05
7.3e-05
6.3e-05
7.6e-05
5.4e-05
6.6e-05
9.2e-05
4.4e-05
3.9e-05
4.2e-05
4.8e-05
5.2e-05
4.6e-05
0.000313
8.9e-05
2e-05
6.3e-05
6.9e-05
8e-05
8.3e-05
7.3e-05
4.8e-05
3.6e-05
5.9e-05
4e-05
2.1e-05
3.7e-05
1.1e-05
3.7e-05
2.6e-05
6.7e-05
4.3e-05
3.2e-05
2.3e-05
3.3e-05
7.7e-05
0.000112
0.000103
8.9e-05
9.2e-05
8.8e-05
9.5e-05
0.000101
7.2e-05
8.4e-05
7e-05
5.1e-05
8.7e-05
0.000103
7.2e-05
0.000101
9.8e-05
0.000106
0.00014
0.00011
5.3e-05
5.5e-05
5.7e-05
8.9e-05
0.000102
0.000119
6.1e-05
0.000123
7.9e-05
0.000103
9.2e-05
9.4e-05
9.1e-05
0.000101
0.000113
0.000122
8.4e-05
3.7e-05
3.8e-05
5.2e-05
5.4e-05
7.7e-05
4.5e-05
2.2e-05
5.9e-05
7.5e-05
6.7e-05
7.1e-05
9.9e-05
0.00011
9.7e-05
9.5e-05
8.7e-05
8.8e-05
0.00012
9.9e-05
8.9e-05
7.8e-05
7.5e-05
7e-05
7.3e-05
7.5e-05
5.8e-05
4.9e-05
5.4e-05
9.1e-05
0.000102
0.000103
0.0001
0.000106
0.000109
9.2e-05
8.3e-05
8.3e-05
7.4e-05
6.7e-05
6.5e-05
6.8e-05
6.6e-05
7.7e-05
8e-05
0.000115
0.000128
0.000144
0.000155
0.000136
6.1e-05
0.000233
9.7e-05
0.000104
9.4e-05
7e-05
6.9e-05
6.6e-05
6.5e-05
6.9e-05
6e-05
6.3e-05
7.9e-05
8.5e-05
8.7e-05
7.4e-05
8e-05
3.5e-05
7.5e-05
8.7e-05
361 1
8.8e-05
9.4e-05
8.6e-05
8e-05
6.9e-05
7e-05
7.2e-05
7e-05
8e-05
9.4e-05
0.000105
8.7e-05
0.000127
0.000109
0.000118
0.000123
6.5e-05
8.3e-05
5.9e-05
8.2e-05
9e-05
5.1e-05
7.8e-05
8.5e-05
8e-05
4.9e-05
6.7e-05
9.1e-05
8e-05
8.4e-05
6.7e-05
7.1e-05
9.9e-05
6.6e-05
4.9e-05
4.7e-05
4.6e-05
5.7e-05
5.4e-05
5.3e-05
6.6e-05
8.2e-05
9.5e-05
9.1e-05
8.8e-05
9.8e-05
7.9e-05
7.7e-05
3.7e-05
4e-05
0.000103
8.1e-05
1.2e-05
-2.9e-05
-5.7e-05
3.9e-05
7.9e-05
0
6.3e-05
8.3e-05
2.3e-05
8.1e-05
9.2e-05
9.5e-05
0.000128
7.6e-05
0.000131
1.8e-05
3.4e-05
0.000138
0.000105
0.000113
7.3e-05
6.3e-05
-2e-05
-7e-06
-2.8e-05
2.1e-05
3.8e-05
4.8e-05
7.4e-05
6.3e-05
2.5e-05
6.9e-05
6.8e-05
5.7e-05
5.9e-05
6.6e-05
5.5e-05
9.3e-05
8.3e-05
9.3e-05
4.7e-05
5e-05
5.5e-05
7.9e-05
1.1e-05
4.2e-05
3.9e-05
2.9e-05
5.2e-05
6.3e-05
4.2e-05
4.9e-05
5.6e-05
3.1e-05
4.7e-05
0.00012
0.000134
9.2e-05
7.6e-05
8.7e-05
0.00011
9.3e-05
5e-05
5.2e-05
5.9e-05
7.9e-05
8.4e-05
6.7e-05
7.6e-05
0.0001
0.000111
0.000123
5.2e-05
4.2e-05
5.9e-05
7.6e-05
7e-05
-7e-06
2e-05
9.3e-05
5.1e-05
-9e-06
5.2e-05
0.000189
0.000127
0.000109
6.5e-05
5.9e-05
0.0001
0.000119
8.6e-05
7.9e-05
0.00011
0.000119
0.000116
0.000114
0.000115
8.6e-05
0.000112
0.000138
0.000111
0.000138
0.000124
0.00012
0.000118
0.000112
0.000105
0.000107
8.4e-05
8.2e-05
0.000133
5.8e-05
0.000125
0.000131
0.000108
0.000118
7.7e-05
7e-05
7.2e-05
7.2e-05
7.8e-05
7.9e-05
6.5e-05
7e-05
7e-05
7.1e-05
7.3e-05
7.2e-05
7.5e-05
7.3e-05
6.7e-05
6.3e-05
5.9e-05
5.5e-05
5.2e-05
5.2e-05
5.2e-05
5.2e-05
5.3e-05
5.5e-05
5.6e-05
5.5e-05
5.4e-05
5.2e-05
4.6e-05
3.9e-05
3.4e-05
3.2e-05
2.9e-05
2.2e-05
1.4e-05
1e-05
5e-06
1e-05
4.7e-05
8.2e-05
8.6e-05
8.6e-05
8.4e-05
8e-05
6.7e-05
6.4e-05
7.3e-05
8.4e-05
9.6e-05
9.4e-05
9.1e-05
0.000109
9.4e-05
9.8e-05
6.3e-05
9e-05
8.1e-05
8.2e-05
1.3e-05
1.5e-05
6.9e-05
1.8e-05
9e-06
4.9e-05
1.1e-05
9.7e-05
0.000241
4.8e-05
8.7e-05
-7e-06
0.000109
0.000117
8.6e-05
8.6e-05
7.5e-05
2.7e-05
3e-05
4.1e-05
8.5e-05
5.1e-05
7.8e-05
5.3e-05
0.000131
0.000119
3.4e-05
4e-05
4.3e-05
3.5e-05
-0.000111
0.000249
7e-05
0.000109
9.6e-05
9.3e-05
8.5e-05
0.000121
9.3e-05
8.8e-05
8.1e-05
7.3e-05
9.4e-05
8e-05
9.8e-05
0.000181
8.7e-05
8.3e-05
9.3e-05
0.000137
0.000124
6.7e-05
5.4e-05
1e-05
0.000238
0.000196
-4e-06
0.000106
0.000111
9.6e-05
4.7e-05
6.4e-05
0.000143
9.2e-05
0.000117
6.2e-05
4.3e-05
4.1e-05
4.7e-05
5.5e-05
5.5e-05
6.7e-05
5.7e-05
4.2e-05
5.3e-05
6.8e-05
7.2e-05
6.8e-05
5.9e-05
6.9e-05
7.8e-05
9.3e-05
7.6e-05
9.9e-05
0.000108
9.4e-05
8.7e-05
8.3e-05
7.6e-05
5.3e-05
8.1e-05
6.2e-05
5.8e-05
5.6e-05
6.8e-05
8.5e-05
8.9e-05
0.000101
0.000113
0.000121
0.000109
9.2e-05
8.4e-05
7.6e-05
6e-05
5.9e-05
8.3e-05
0.0001
0.000127
0.000111
0.000119
0.000113
0.000123
0.000137
0.000114
0.000122
0.000122
0.000121
0.000134
7.3e-05
6e-05
8.9e-05
9.1e-05
8.7e-05
8.8e-05
9.5e-05
7.3e-05
7.4e-05
7.5e-05
7.8e-05
7.6e-05
7.7e-05
7.1e-05
7e-05
8.8e-05
361 1
9.8e-05
0.0001
9.3e-05
6.8e-05
7.4e-05
8e-05
7.5e-05
9.4e-05
8e-05
9.5e-05
0.000119
7.9e-05
0.0001
9.8e-05
0.000114
9.5e-05
8.1e-05
7.8e-05
8.4e-05
7.7e-05
9.7e-05
4e-05
5.6e-05
0.000117
5.1e-05
7.3e-05
0.0001
7.7e-05
9e-05
8e-05
6.4e-05
8.4e-05
0.000104
9.5e-05
9.5e-05
0.00011
9e-05
5e-05
2.8e-05
4.7e-05
4.3e-05
3.3e-05
3.6e-05
4.6e-05
4.8e-05
5.9e-05
7e-05
9.3e-05
8e-05
5e-05
6.6e-05
4.3e-05
-3e-06
-5.6e-05
-2.2e-05
2.5e-05
4.5e-05
2e-05
0.000119
3e-05
5.6e-05
8.5e-05
7.9e-05
0.000126
4.6e-05
0.000114
3.8e-05
1.5e-05
4.2e-05
4.4e-05
0.000118
9e-05
1.7e-05
2.8e-05
3.8e-05
3.1e-05
-2.3e-05
1e-05
-1e-05
6.5e-05
5.7e-05
7.5e-05
3e-05
2.5e-05
5.4e-05
8.4e-05
8.9e-05
5.4e-05
5.5e-05
7.7e-05
0.000107
9.8e-05
2.9e-05
7.4e-05
0.000102
9.8e-05
0.000102
7.4e-05
6.5e-05
3.7e-05
2.8e-05
3.6e-05
3.2e-05
3.2e-05
4e-05
5.4e-05
7.1e-05
5.8e-05
6.1e-05
4.7e-05
7.8e-05
0.000116
9.4e-05
0.000119
0.000124
7.9e-05
5.7e-05
6.7e-05
7.6e-05
7.3e-05
6.8e-05
8.9e-05
0.000115
9.4e-05
9.2e-05
0.000106
9.1e-05
3.6e-05
6.6e-05
5.6e-05
7.6e-05
4.6e-05
2.7e-05
8.7e-05
1e-05
8.2e-05
8.9e-05
0.000187
0.000122
8.1e-05
5.7e-05
8.6e-05
5e-05
5.2e-05
5.4e-05
5.1e-05
8.5e-05
0.000104
0.000123
0.000137
0.000139
0.000147
8.3e-05
0.000148
7e-05
0.000253
0.000138
0.000143
0.000102
0.00011
8.2e-05
4.8e-05
0.000136
9.8e-05
6.2e-05
-2.1e-05
3.5e-05
4e-05
0.000118
6.7e-05
6.9e-05
7.8e-05
7.8e-05
7.6e-05
7.4e-05
7.2e-05
7.5e-05
7.6e-05
7.5e-05
7.4e-05
7.2e-05
7e-05
6.9e-05
6.7e-05
6.2e-05
5.6e-05
5.3e-05
5.4e-05
5.6e-05
5.8e-05
6e-05
6e-05
5.9e-05
5.8e-05
5.6e-05
5.5e-05
5.4e-05
5e-05
4.5e-05
4e-05
3.3e-05
2.6e-05
2.3e-05
2.2e-05
2.1e-05
2e-05
2.3e-05
3.3e-05
4.7e-05
4.7e-05
4.4e-05
7.8e-05
8.5e-05
7.4e-05
6.5e-05
6.3e-05
6.2e-05
7.1e-05
8.1e-05
0.000116
0.000101
0.000121
7.8e-05
6.9e-05
9.9e-05
7.2e-05
2e-05
-2.1e-05
-3.1e-05
4.9e-05
0.000169
2.8e-05
7.8e-05
0.000101
4.3e-05
-8e-06
0.000207
0.000161
-7.3e-05
8.3e-05
3.4e-05
0.000142
7.4e-05
6e-05
6.5e-05
5e-05
1.9e-05
0.000121
6.5e-05
7.3e-05
-1.2e-05
3.9e-05
0.000134
5e-05
0.000113
5.8e-05
0.00011
8.9e-05
1.6e-05
0.000128
6.6e-05
7.6e-05
0.0001
9.3e-05
8.5e-05
8.9e-05
9.1e-05
9.6e-05
7.7e-05
7.5e-05
7.2e-05
8.9e-05
8.1e-05
8.8e-05
0.000153
9.6e-05
8.6e-05
0.000117
0.000128
8.4e-05
1.2e-05
8.9e-05
0.000198
8.3e-05
3.1e-05
5.7e-05
7.1e-05
6.2e-05
3.3e-05
7.6e-05
9.7e-05
8.5e-05
8.7e-05
6.1e-05
3.2e-05
4.8e-05
5.1e-05
4.9e-05
5.2e-05
6.1e-05
5e-05
5.6e-05
5.9e-05
6.1e-05
7.8e-05
7.5e-05
6.7e-05
8.2e-05
8.9e-05
8.5e-05
0.000102
0.000106
9.7e-05
9e-05
8.2e-05
7.3e-05
7.1e-05
7.6e-05
6.1e-05
5e-05
5.2e-05
7e-05
7.8e-05
8.3e-05
0.000108
0.00013
0.000112
8.3e-05
7.1e-05
8.6e-05
0.000115
0.000129
0.000125
0.000108
0.000133
9.4e-05
0.000116
8.3e-05
9.4e-05
0.000113
0.000111
0.000124
9.9e-05
9.8e-05
0.000107
0.000108
0.0001
8.2e-05
7.7e-05
9.3e-05
0.00011
0.000105
0.000111
0.000108
9.9e-05
8.7e-05
8.3e-05
7.7e-05
7.1e-05
9.1e-05
9.8e-05
361 1
8.5e-05
7.9e-05
8.7e-05
9.8e-05
9.6e-05
9.3e-05
6.6e-05
9.1e-05
0.000103
8.5e-05
9.4e-05
7.6e-05
0.000114
0.000103
9.7e-05
9.6e-05
7.5e-05
7.4e-05
8.5e-05
9.2e-05
9e-05
7e-05
5.4e-05
8.7e-05
6.6e-05
4.7e-05
0.000101
-2e-06
7.8e-05
5.8e-05
7.9e-05
8.4e-05
0.000104
0.00011
0.000117
0.000115
0.000108
0.000107
9.5e-05
0.000112
0.000102
8.2e-05
4.6e-05
2.6e-05
4.4e-05
2.4e-05
3e-05
5e-05
7.4e-05
8.6e-05
5.4e-05
5e-05
-6.1e-05
-7.3e-05
2.7e-05
-4.5e-05
7.6e-05
-4.1e-05
0.000155
0.000151
0.000108
5.6e-05
0.000111
0.000165
7.8e-05
0.000105
0.000111
7.7e-05
4.6e-05
4.1e-05
7.1e-05
9.5e-05
6e-05
0.000109
5e-05
2.8e-05
4e-06
7e-06
-1.4e-05
6.1e-05
2.7e-05
0.000101
9e-05
3.6e-05
9.7e-05
3.1e-05
0.00011
2.7e-05
8.3e-05
3.5e-05
6.8e-05
5.6e-05
3.6e-05
4.7e-05
0.000111
5.2e-05
0.000127
0.00018
9.8e-05
6e-05
4.2e-05
3e-05
2.8e-05
2.7e-05
3.2e-05
4.3e-05
5.9e-05
6.8e-05
6.3e-05
4.6e-05
6.2e-05
5.6e-05
4.8e-05
8.9e-05
0.000103
0.000108
0.000116
8.6e-05
5.5e-05
6.9e-05
7.5e-05
7.4e-05
0.000105
0.000111
0.000108
0.000101
8.7e-05
7.3e-05
7.9e-05
3e-05
4.3e-05
5.7e-05
4.8e-05
3e-05
3.5e-05
3.8e-05
9.8e-05
9.8e-05
0.000111
0.00018
0.000107
6.7e-05
6.2e-05
4e-05
4.7e-05
5.8e-05
6.9e-05
8.6e-05
0.000113
0.000118
9.9e-05
0.000149
0.0002
0.000193
0.00016
9.4e-05
0.000151
7.7e-05
0.000242
4.2e-05
-3.6e-05
0.000128
7.5e-05
0.00014
2.3e-05
5.1e-05
0.000127
5.7e-05
0.000128
5.3e-05
6.9e-05
0.000105
0.0001
7.5e-05
7.4e-05
7.1e-05
7.8e-05
7.9e-05
8.1e-05
8e-05
8e-05
7.6e-05
7.1e-05
7.1e-05
7e-05
6.6e-05
5.9e-05
5.6e-05
5.5e-05
5.4e-05
5e-05
4.7e-05
4.6e-05
4.6e-05
4.8e-05
5.1e-05
5.2e-05
5.2e-05
5.2e-05
5.1e-05
5.1e-05
5.2e-05
5.2e-05
4.9e-05
4.5e-05
4.3e-05
4.3e-05
4.8e-05
5.4e-05
6.1e-05
6.5e-05
6.8e-05
6.5e-05
4.7e-05
7e-05
6.6e-05
6.3e-05
7e-05
6.5e-05
8.9e-05
9.7e-05
0.000108
8.9e-05
7.9e-05
6.4e-05
3.7e-05
3.4e-05
3.5e-05
2.9e-05
0
0.000192
3e-05
0.000125
1.6e-05
7.6e-05
3e-05
7.8e-05
0.000112
0.000189
0.000426
0.000213
7.7e-05
6.5e-05
0.000103
9.1e-05
5.3e-05
1.2e-05
4e-05
7.7e-05
6.9e-05
3.1e-05
7e-05
1.4e-05
2.1e-05
4.8e-05
0.000107
4.9e-05
9.5e-05
8.3e-05
8.3e-05
0.000139
0.000157
0.000233
9.4e-05
3.5e-05
9.7e-05
0.000118
0.000119
8e-05
7.5e-05
7.7e-05
9.5e-05
9.3e-05
8.1e-05
8.1e-05
6.9e-05
7.3e-05
0.000144
9.2e-05
8.1e-05
0.0001
8.5e-05
3e-06
0.000114
0.00016
6.5e-05
5e-05
5.1e-05
3.4e-05
3.4e-05
5.3e-05
5e-05
4.6e-05
0.000129
0.000164
0.000117
3.7e-05
3.1e-05
3.8e-05
4.3e-05
3.9e-05
4.2e-05
6.2e-05
7.3e-05
6.5e-05
6.3e-05
8.5e-05
0.000108
0.0001
0.000104
0.000124
0.000104
9.9e-05
0.000111
9.3e-05
7.9e-05
7.1e-05
6.3e-05
8.5e-05
7.4e-05
5.8e-05
5.8e-05
7.1e-05
7.7e-05
0.0001
0.000129
0.000102
8.5e-05
0.000106
0.00012
9.5e-05
5.8e-05
4.7e-05
4e-05
6.1e-05
2.7e-05
2.6e-05
3.2e-05
5.2e-05
6.6e-05
5e-05
7.6e-05
0.000108
8.6e-05
9.3e-05
9.7e-05
9.9e-05
9.9e-05
0.000102
0.000108
0.000122
0.00011
8.8e-05
7.8e-05
8.2e-05
7.3e-05
7e-05
7.6e-05
8.4e-05
9.8e-05
8.5e-05
361 1
6.3e-05
6.8e-05
6.5e-05
5.1e-05
0.000102
9.9e-05
9.9e-05
0.000114
0.00011
0.0001
0.000108
8.2e-05
0.000101
0.000101
9.9e-05
0.000116
8.3e-05
0.000106
9.6e-05
8.1e-05
0.000108
9.2e-05
6.4e-05
8.1e-05
7.3e-05
0.000103
6.4e-05
3.3e-05
8.3e-05
9.3e-05
8.9e-05
0.000127
0.000104
9.7e-05
9.1e-05
8.1e-05
8.2e-05
9.4e-05
9e-05
9.5e-05
0.000102
9.5e-05
8.7e-05
9.1e-05
9.3e-05
0.0001
9.4e-05
7e-05
7e-05
8.3e-05
6.7e-05
5e-05
3.3e-05
7.5e-05
0.000107
1.3e-05
0.000168
6.1e-05
8.8e-05
2.2e-05
0.000153
7.6e-05
4.8e-05
6.8e-05
9.6e-05
6e-05
8.3e-05
5.5e-05
6.3e-05
5.9e-05
5.7e-05
0.000101
0.000105
8.3e-05
6.7e-05
1.5e-05
7.1e-05
1.9e-05
3.3e-05
5.9e-05
8e-05
5.8e-05
2.5e-05
7.1e-05
6e-05
7.3e-05
7.5e-05
7.6e-05
2.8e-05
3e-05
2.1e-05
7e-06
2.5e-05
2.3e-05
3e-06
4.6e-05
1.7e-05
0.000112
4.6e-05
0.000112
0.000103
2.7e-05
2.9e-05
6e-06
-1e-06
2.8e-05
4.6e-05
6.8e-05
6.5e-05
6.1e-05
7.2e-05
6.8e-05
5.9e-05
6.5e-05
6.1e-05
7.3e-05
0.000125
0.000103
7.4e-05
7.3e-05
7.3e-05
7.5e-05
0.000127
0.000134
0.000125
0.000108
9.2e-05
9.5e-05
8.7e-05
7.4e-05
7e-05
6.3e-05
6e-05
6.3e-05
5.2e-05
4.5e-05
6.1e-05
1.8e-05
5.4e-05
5e-05
0.00018
0.000166
8e-05
7.7e-05
6.4e-05
5e-05
4.9e-05
5.6e-05
6.9e-05
9.2e-05
0.000113
0.000156
0.000169
0.000136
0.000121
0.000144
0.000131
5.6e-05
8.9e-05
0.000128
4.3e-05
5.6e-05
0.000128
0.000108
7.1e-05
4.4e-05
8.4e-05
4.2e-05
2.3e-05
0.000103
6.1e-05
0.000122
0.000111
9e-05
7.2e-05
7.5e-05
8e-05
8e-05
8.1e-05
8.8e-05
8.4e-05
8.5e-05
8.1e-05
7.9e-05
7.6e-05
6.9e-05
6.4e-05
6.4e-05
6.2e-05
5.7e-05
4.7e-05
4.2e-05
4.9e-05
5.8e-05
6.3e-05
6.3e-05
6.3e-05
6.4e-05
6.6e-05
6.8e-05
6.8e-05
6.8e-05
6.8e-05
6.9e-05
6.9e-05
6.6e-05
6.3e-05
5.8e-05
5.6e-05
5.6e-05
5.9e-05
6.3e-05
6.4e-05
6.4e-05
6.3e-05
5.3e-05
5.9e-05
6.3e-05
6.5e-05
7.1e-05
9.7e-05
0.000117
0.000117
6.9e-05
6.4e-05
6.2e-05
6.7e-05
3.7e-05
5.4e-05
0
8.6e-05
0.000194
0.000161
0.000102
1.1e-05
7.9e-05
4.6e-05
6.8e-05
0.00016
0.000204
0.000215
0.0001
5.3e-05
3e-05
3.3e-05
-2.3e-05
3e-06
2.8e-05
3.8e-05
1.8e-05
4.6e-05
7e-05
8.2e-05
5.9e-05
4.5e-05
4.9e-05
9.8e-05
7.7e-05
0.0001
5.4e-05
6.3e-05
8.5e-05
9.4e-05
8.1e-05
8.5e-05
0.000105
9.4e-05
5.5e-05
7.2e-05
8.9e-05
0.000112
0.000121
8.1e-05
8.7e-05
8.6e-05
7.4e-05
9.1e-05
8.6e-05
6.5e-05
9e-05
0.000127
9.7e-05
9.1e-05
5.8e-05
0.000183
0.000126
4.4e-05
5.2e-05
5.2e-05
4.8e-05
4e-05
2.9e-05
3.4e-05
3.8e-05
3.8e-05
9.6e-05
0.000114
8.1e-05
4.5e-05
5.2e-05
5.4e-05
3.7e-05
3.2e-05
5.5e-05
6.9e-05
6.4e-05
6e-05
7.9e-05
8.8e-05
9.6e-05
0.000107
0.000101
9e-05
8.6e-05
8.3e-05
8e-05
8.1e-05
5.4e-05
6.8e-05
8.7e-05
7.2e-05
7e-05
7.2e-05
7.5e-05
0.000105
0.000116
0.000101
0.000115
8.3e-05
5.8e-05
0.000102
0.00016
0.000146
0.000118
8.9e-05
7.7e-05
7.8e-05
7.8e-05
0.000114
8.4e-05
5.7e-05
3.9e-05
9.3e-05
9.1e-05
0.000108
9.3e-05
0.000112
0.0001
9.1e-05
9e-05
8.5e-05
7.9e-05
9.1e-05
8.9e-05
8.7e-05
7.4e-05
6.5e-05
6.7e-05
8.9e-05
7e-05
6.3e-05
361 1
7.8e-05
7.6e-05
7.5e-05
7.6e-05
5.3e-05
7.5e-05
7.7e-05
6.9e-05
0.0001
0.000123
8.9e-05
9.5e-05
0.000105
0.000102
0.000104
0.000107
0.000101
0.000123
0.000118
0.000117
0.0001
9e-05
9.2e-05
8.4e-05
8.9e-05
6.5e-05
9.9e-05
5e-05
7.3e-05
8.5e-05
7e-05
9.7e-05
0.000113
0.00011
7.4e-05
5.5e-05
5e-05
6.7e-05
5.8e-05
5.8e-05
5.6e-05
5.6e-05
6.8e-05
7.1e-05
7.5e-05
8.1e-05
0.000114
0.0001
6.6e-05
9.8e-05
7.6e-05
5.5e-05
4e-06
6.7e-05
0.000136
-4.3e-05
6.1e-05
5.3e-05
0.000131
7.8e-05
4e-06
3e-05
2.9e-05
5.3e-05
7.4e-05
9.1e-05
8.1e-05
7.5e-05
6.2e-05
6.6e-05
5.7e-05
8.1e-05
5e-05
7.7e-05
0.000117
8.4e-05
1.1e-05
-3e-06
8.5e-05
0.000186
0.000123
0.000102
5.3e-05
3.7e-05
4.4e-05
3.5e-05
2.2e-05
8.5e-05
0.00013
5e-06
1.7e-05
5.2e-05
4.2e-05
5.9e-05
6.1e-05
8.8e-05
3.8e-05
0.000125
-1.2e-05
0.00017
7.7e-05
0.000116
8.8e-05
-3.5e-05
4.3e-05
6.3e-05
5.7e-05
2.7e-05
6.3e-05
8.6e-05
8.1e-05
6.8e-05
6.3e-05
5.9e-05
6.8e-05
7.7e-05
8.3e-05
5.8e-05
8e-05
0.000131
9.7e-05
7.4e-05
0.000102
0.000109
0.000123
0.000122
8.5e-05
7.6e-05
5.5e-05
5.2e-05
5.6e-05
5.7e-05
5.8e-05
6e-05
5.7e-05
4.2e-05
3.7e-05
3.1e-05
3.6e-05
5e-05
3.7e-05
-2.5e-05
0.0001
0.000205
0.0001
3.1e-05
2e-05
7.7e-05
5.8e-05
6.5e-05
8.3e-05
8.2e-05
0.000107
0.000144
0.000151
0.000156
0.000163
0.000169
0.000107
0.000166
0.000133
6.6e-05
8.3e-05
9.7e-05
6.1e-05
7.3e-05
6.6e-05
5.1e-05
0.000112
7.1e-05
7.4e-05
0.000112
0.000101
9.2e-05
6.9e-05
7.3e-05
7.3e-05
7.8e-05
8.1e-05
9.2e-05
8.9e-05
7.5e-05
7.2e-05
7.6e-05
7.7e-05
7.4e-05
7.1e-05
6.9e-05
6.5e-05
5.6e-05
4.5e-05
4.3e-05
4.5e-05
5.1e-05
5.6e-05
6e-05
5.7e-05
5.1e-05
5e-05
6.3e-05
7.6e-05
8.2e-05
8.4e-05
8.1e-05
8.1e-05
8.2e-05
8e-05
7.2e-05
6.4e-05
6.2e-05
6.1e-05
5.1e-05
4.6e-05
4.6e-05
5.3e-05
5.9e-05
6e-05
6.6e-05
7.1e-05
8e-05
0.000103
0.000101
0.000106
7.2e-05
6e-05
-8e-06
2.6e-05
7.2e-05
5e-05
5.3e-05
7.5e-05
-1.7e-05
0.000174
0.000118
8.6e-05
0.000129
0.000171
0.000125
9.4e-05
0.000108
0.000162
0.000177
0.000128
7.1e-05
7.4e-05
4.9e-05
4.8e-05
3.6e-05
1.9e-05
3e-05
3e-05
2.8e-05
4e-05
5e-06
5.3e-05
5.4e-05
6.1e-05
5e-05
6.1e-05
4e-05
2.1e-05
6.8e-05
7.2e-05
5.8e-05
5.1e-05
0.000104
7.6e-05
0.000102
0.000105
0.000102
0.000142
6.2e-05
9.3e-05
0.000108
9.7e-05
8.3e-05
0.000106
6.1e-05
8.1e-05
8.4e-05
7.4e-05
6.6e-05
0.0001
0.000115
0.000111
0.000101
0.000106
5.9e-05
5.1e-05
5.1e-05
4.3e-05
4.6e-05
4.3e-05
4.2e-05
4.3e-05
4.5e-05
3.2e-05
6.6e-05
9.3e-05
6.8e-05
4.4e-05
5.4e-05
5.9e-05
4.2e-05
3.6e-05
5.1e-05
6.3e-05
6.4e-05
6.8e-05
7.3e-05
8.4e-05
0.000101
0.000101
9.9e-05
9.8e-05
0.000101
9.5e-05
7.4e-05
5.6e-05
5.1e-05
8.2e-05
7.5e-05
6.6e-05
6.3e-05
0.000104
0.000106
0.00012
6.8e-05
0.000108
0.000164
0.000102
9.1e-05
0.000133
6.5e-05
5.7e-05
4.7e-05
2.8e-05
3.5e-05
4.5e-05
4.3e-05
6.8e-05
9.8e-05
0.000115
9.7e-05
6.5e-05
7.7e-05
0.000109
8.8e-05
8.2e-05
8.5e-05
8.7e-05
8.2e-05
7.5e-05
7.1e-05
8e-05
8.4e-05
8.7e-05
8.7e-05
7e-05
8.2e-05
7.8e-05
361 1
9e-05
9.3e-05
8e-05
7.4e-05
7.1e-05
8.1e-05
6.5e-05
6.6e-05
7.9e-05
5.3e-05
9.9e-05
0.000121
7e-05
9.3e-05
0.000104
9.7e-05
8.6e-05
9.9e-05
0.000118
0.000122
0.000141
9.7e-05
0.000119
0.0001
9.2e-05
6.5e-05
9.8e-05
3.6e-05
7.8e-05
7.5e-05
5.3e-05
0.000105
0.000129
0.00012
9.4e-05
6.9e-05
5.8e-05
7.4e-05
7.4e-05
7.9e-05
8.7e-05
9.5e-05
9.6e-05
8.8e-05
8.2e-05
7.1e-05
7.3e-05
0.000112
6.9e-05
6.9e-05
7.2e-05
6.5e-05
-9e-06
5.3e-05
0.000122
-2e-05
4.1e-05
7.1e-05
0.000122
9.9e-05
5.8e-05
8.2e-05
0.000118
8.9e-05
6.2e-05
8.8e-05
7.8e-05
5.4e-05
4.8e-05
4.7e-05
3.9e-05
9.1e-05
8.2e-05
8.3e-05
0.0001
8.3e-05
8.3e-05
2.3e-05
4.8e-05
0.000169
0.000116
3.7e-05
2.9e-05
1.9e-05
2.9e-05
3e-05
-1e-06
5.3e-05
-3.5e-05
0.000151
7.7e-05
-1e-06
9.8e-05
7.2e-05
0.000106
5.3e-05
3.8e-05
7.8e-05
6.5e-05
5.4e-05
6e-05
0.000125
6.4e-05
-1e-06
0.000313
4.8e-05
5e-05
5.5e-05
0.000104
0.00014
7.8e-05
4.9e-05
9.4e-05
7.8e-05
7.2e-05
6.3e-05
7.2e-05
7.4e-05
8.4e-05
9.4e-05
0.000126
9.8e-05
7.6e-05
9.3e-05
0.000108
0.000117
7.6e-05
4.8e-05
5.9e-05
5.3e-05
5e-05
3e-05
4.2e-05
5.7e-05
7.1e-05
9.3e-05
9.6e-05
9.4e-05
9.4e-05
8.4e-05
8.3e-05
8.1e-05
3e-05
5.4e-05
0.000102
6.4e-05
0.000225
8.8e-05
0.000133
2.3e-05
-5e-06
7.5e-05
8.3e-05
8e-05
0.000105
0.000131
0.000114
0.000152
0.000181
0.000184
0.000162
0.000164
6.4e-05
0.000111
9e-05
0.000147
7.7e-05
8.6e-05
7.6e-05
4.9e-05
6.5e-05
0.00012
9.3e-05
9.2e-05
6.7e-05
6.6e-05
6.4e-05
7.8e-05
8.1e-05
8.9e-05
8.2e-05
7.6e-05
6.3e-05
6.8e-05
8.3e-05
8.1e-05
7.7e-05
7.4e-05
6.1e-05
4.3e-05
3.8e-05
5.2e-05
6.4e-05
7.4e-05
8.6e-05
0.000101
0.000113
0.000118
0.000118
0.000115
0.000111
0.000107
0.000101
9.7e-05
9.7e-05
9.6e-05
9.4e-05
8.8e-05
8e-05
7.3e-05
7.1e-05
7.4e-05
7.7e-05
6.1e-05
4.5e-05
4.2e-05
5.4e-05
7.4e-05
7.4e-05
9.4e-05
0.000125
8.5e-05
7.1e-05
0.000118
-1e-06
0.000208
1.5e-05
-1.1e-05
-8e-06
6.1e-05
4.4e-05
0.000101
4.4e-05
0.000145
0.000139
-1.7e-05
0.000223
0.000114
0.000144
0.000108
9.5e-05
0.000124
0.000148
0.000147
6.9e-05
-2e-06
3.4e-05
4.7e-05
6e-05
7.3e-05
6.8e-05
5.6e-05
5.5e-05
3.6e-05
2.4e-05
2.5e-05
2.5e-05
7.3e-05
7.3e-05
5.2e-05
5.5e-05
5.5e-05
5.2e-05
4.7e-05
5.8e-05
6.1e-05
8.3e-05
7.9e-05
5.9e-05
0.00011
0.000101
8.5e-05
0.000107
0.000127
0.000155
6.7e-05
0.000104
0.000111
5.2e-05
7.6e-05
6.2e-05
7.1e-05
7.8e-05
7.7e-05
8.4e-05
9.5e-05
0.000104
0.000105
0.000103
9.9e-05
6.2e-05
5.8e-05
5.7e-05
5.1e-05
4.8e-05
4.4e-05
4.2e-05
4.5e-05
3e-05
4.2e-05
7.8e-05
0.0001
8.4e-05
6.9e-05
8.4e-05
8.5e-05
7.3e-05
6.3e-05
5.8e-05
7.8e-05
7.5e-05
8e-05
9.8e-05
0.000101
0.000101
0.0001
9.9e-05
9.7e-05
9.3e-05
8.9e-05
6.4e-05
9.7e-05
0.000104
7e-05
9e-05
0.000113
0.000104
0.000114
0.000132
0.000137
0.000118
0.000122
0.000109
7.4e-05
5.7e-05
4.2e-05
3.5e-05
3.4e-05
3.8e-05
3.5e-05
2.9e-05
3.2e-05
4.4e-05
8.2e-05
0.000105
6.1e-05
7.7e-05
9.2e-05
9.3e-05
9.3e-05
8.5e-05
7.9e-05
5.7e-05
7.7e-05
8.6e-05
8.2e-05
7.4e-05
7.2e-05
7.9e-05
8.8e-05
9e-05
361 1
8.8e-05
0.0001
9e-05
8e-05
7.9e-05
9.5e-05
8.5e-05
7.4e-05
0.000115
9.6e-05
7.4e-05
5.9e-05
0.000105
9.9e-05
0.000119
8.4e-05
6.9e-05
9.1e-05
0.000101
0.000101
0.000144
0.000127
0.000132
5.4e-05
0.000112
8.5e-05
0.000122
7e-05
0.000108
6.8e-05
7.1e-05
6.5e-05
0.000102
0.000136
0.000132
0.000104
8.5e-05
8e-05
7.5e-05
7.9e-05
7.7e-05
7.2e-05
7.8e-05
8.3e-05
8.2e-05
7.6e-05
7.5e-05
8.5e-05
9e-05
8.2e-05
6e-05
7.8e-05
-3.1e-05
0.000101
0.000106
-6.8e-05
3.8e-05
3.9e-05
0.000153
0.000128
3e-05
4e-05
4.4e-05
4.3e-05
8.2e-05
9.6e-05
9.1e-05
9.3e-05
0.000116
0.000102
7.1e-05
9.5e-05
8.1e-05
5.9e-05
9.8e-05
0.000151
9.8e-05
7.1e-05
7e-05
7.6e-05
6.5e-05
0.000135
0.00013
1.1e-05
0.000116
5e-06
4.2e-05
8.1e-05
2.8e-05
3.7e-05
-1e-05
0.000121
8.2e-05
4.6e-05
1.3e-05
8.7e-05
2e-06
9.2e-05
3.6e-05
3.7e-05
3.9e-05
5.6e-05
8.4e-05
5.5e-05
1.8e-05
6e-05
0.000191
9.4e-05
2.3e-05
6.6e-05
7.2e-05
0.000176
5.3e-05
7.6e-05
6.1e-05
6e-05
6.3e-05
5.9e-05
5.7e-05
6.7e-05
8e-05
0.000114
0.000123
8.8e-05
7.6e-05
0.000144
8e-05
5.9e-05
5.8e-05
7.1e-05
2.3e-05
4e-05
1.6e-05
2e-05
2.9e-05
4.6e-05
6.1e-05
6.9e-05
8.3e-05
9.5e-05
8.8e-05
8.4e-05
9.6e-05
0.00011
0.00013
0.000159
9.1e-05
-7e-06
-9e-06
7.9e-05
9.8e-05
0.000192
0.000115
9e-06
3.8e-05
8.4e-05
8.9e-05
0.00011
0.000114
0.000127
0.000148
0.000138
0.000198
0.000104
0.000112
7.4e-05
6.1e-05
0.000156
6.6e-05
5.8e-05
4.8e-05
0.000139
0.000125
6.7e-05
7.6e-05
5.7e-05
6.2e-05
7.4e-05
8e-05
9.2e-05
9.9e-05
9e-05
7.3e-05
7.4e-05
8.3e-05
8.4e-05
8.2e-05
6.2e-05
4.3e-05
5e-05
7.6e-05
7.9e-05
9.8e-05
0.000126
0.000111
7.9e-05
7.1e-05
8.5e-05
0.000104
0.000111
0.000104
0.000103
0.000103
0.0001
0.000109
0.000122
0.000119
0.000107
8.8e-05
8e-05
7.8e-05
6.7e-05
7.1e-05
9e-05
6.4e-05
3.4e-05
4.1e-05
7.3e-05
9.4e-05
0.000138
9.6e-05
8.8e-05
8.9e-05
9.7e-05
8.9e-05
9.5e-05
1e-06
0.000141
0.000139
2.2e-05
0.000131
1e-06
0.000115
0.000122
0.00012
6.1e-05
0.00017
1.9e-05
0.000182
0.00016
4.6e-05
0.000189
0.000161
0.000138
5.8e-05
-1.3e-05
5e-06
1e-05
5.6e-05
3.9e-05
5.9e-05
3.4e-05
4.6e-05
2.3e-05
4.1e-05
4.2e-05
5.8e-05
3.5e-05
3.7e-05
3.9e-05
5.1e-05
6.4e-05
5.8e-05
7e-05
5.3e-05
6.1e-05
5.6e-05
7.2e-05
7.5e-05
0.000106
0.000125
7.5e-05
5.3e-05
8.9e-05
8.4e-05
7.9e-05
0.000119
7.5e-05
0.0001
7.3e-05
8.6e-05
1.2e-05
8e-05
5.2e-05
9.6e-05
0.000101
0.000107
0.000112
0.000123
0.000116
0.000104
8e-05
6.2e-05
5.2e-05
5e-05
4.9e-05
4.6e-05
4e-05
3.8e-05
3.9e-05
3.6e-05
5e-05
5.6e-05
6.6e-05
5.9e-05
6.1e-05
0.000103
0.000103
6.9e-05
4.9e-05
6.7e-05
6.6e-05
7.1e-05
8.4e-05
9.5e-05
0.000102
0.000107
0.000112
0.000113
0.000112
0.000109
8.2e-05
7.7e-05
7.5e-05
6e-05
8.2e-05
0.000116
0.000101
0.000131
0.000169
0.000153
0.000129
0.000123
3.2e-05
4e-05
8e-06
3.6e-05
1.1e-05
1.9e-05
2.1e-05
2.1e-05
3.8e-05
3.9e-05
4.5e-05
6.5e-05
6.3e-05
8.5e-05
8.8e-05
8.7e-05
9.4e-05
6.6e-05
8.9e-05
6.2e-05
6.4e-05
8.4e-05
8.9e-05
8.4e-05
6.9e-05
8.8e-05
0.00011
8.8e-05
361 1
7.2e-05
9.3e-05
8.5e-05
0.00011
5e-05
9.5e-05
0.000104
9e-05
0.000137
6.4e-05
7e-05
7.5e-05
9.7e-05
5.3e-05
0.00011
0.00011
9e-05
0.000102
8.8e-05
9.2e-05
0.000125
9.3e-05
0.000136
8.6e-05
7.3e-05
0.000103
0.0002
9.8e-05
9.5e-05
0.000127
0.000107
8.5e-05
8e-05
8e-05
9.9e-05
0.000135
0.00011
9.5e-05
7e-05
7.4e-05
6.6e-05
7.1e-05
8.9e-05
8.9e-05
8e-05
7.5e-05
8.1e-05
9.2e-05
9.6e-05
9.4e-05
5.4e-05
4.8e-05
-4.6e-05
5e-05
0.000105
-5e-05
3.8e-05
5.9e-05
9.6e-05
0.000108
6e-06
2.3e-05
6e-05
9.4e-05
7.6e-05
5.5e-05
6.9e-05
6.2e-05
4.9e-05
2.9e-05
8.6e-05
0.000113
9.7e-05
9.2e-05
9.1e-05
0.000111
0.000104
0.00015
0.000131
0.000141
8.4e-05
0.0001
8.6e-05
6.7e-05
7e-05
-3.1e-05
0.000172
-0.000146
-1e-05
3.7e-05
1.3e-05
4.9e-05
1.2e-05
5.3e-05
3.2e-05
3.6e-05
0.000102
8.9e-05
0.000354
7.5e-05
6.8e-05
3.1e-05
6.3e-05
5.2e-05
1.2e-05
2.8e-05
5.6e-05
0.000155
0.000133
6.1e-05
5.5e-05
5.5e-05
5.6e-05
9.9e-05
0.000104
8.4e-05
9.8e-05
7.2e-05
7.8e-05
7.5e-05
7.1e-05
7.7e-05
0.000112
0.000115
8.9e-05
8.7e-05
0.000108
8.8e-05
0.000116
9.2e-05
1.6e-05
3.8e-05
6.5e-05
6.1e-05
6e-05
6.7e-05
6.6e-05
6.5e-05
8.8e-05
6.5e-05
6.2e-05
8.3e-05
8.7e-05
8.9e-05
9.8e-05
0.000107
0.000107
7e-05
0.000142
6.3e-05
0.000109
0.000184
7.4e-05
1.1e-05
0.000139
0.000196
-2.2e-05
4.9e-05
0.000104
0.0001
0.000103
7.8e-05
9.5e-05
0.000134
0.000134
0.000111
9.4e-05
5.3e-05
0.000117
9.8e-05
5.7e-05
3.6e-05
0.000132
0.000128
6.7e-05
5.9e-05
5.7e-05
6.9e-05
8.4e-05
8.5e-05
9.7e-05
9.8e-05
9e-05
8.8e-05
8.5e-05
8.5e-05
7.1e-05
5.9e-05
6e-05
6.4e-05
5.7e-05
5.3e-05
9.3e-05
0.000101
9.7e-05
8.1e-05
7.3e-05
7.5e-05
8.5e-05
5.6e-05
1.2e-05
4.2e-05
9e-05
9.6e-05
9.9e-05
0.000104
0.000106
0.00013
0.000134
9.5e-05
5.8e-05
5.4e-05
6.9e-05
7.2e-05
8.6e-05
5.7e-05
2.8e-05
6.2e-05
9.2e-05
0.000117
8.1e-05
0.000111
6.9e-05
8.2e-05
6.7e-05
0.000122
9.4e-05
0.00014
0.000102
7.9e-05
7.2e-05
1.3e-05
0.000129
6.4e-05
0.000148
9.5e-05
0.000116
7e-05
0.000109
0.000186
0.000216
0.000577
0.000137
1e-05
3.8e-05
-8.3e-05
0.000404
-5.5e-05
6.7e-05
0.000242
8.3e-05
5.9e-05
4.5e-05
4.9e-05
2.2e-05
3.4e-05
3.9e-05
4.2e-05
5.8e-05
6e-05
4.4e-05
5e-05
4.7e-05
2.8e-05
2.9e-05
5.2e-05
6.3e-05
6.7e-05
6.5e-05
6.2e-05
-9e-06
7.9e-05
7.6e-05
7.3e-05
5.4e-05
0.000102
7e-05
0.000108
6.7e-05
9e-05
9.8e-05
0.0001
0.000109
0.000109
9.1e-05
0.000103
0.000115
0.000101
8.3e-05
7.4e-05
6.8e-05
6.9e-05
6.9e-05
5.7e-05
4.6e-05
5e-05
5.4e-05
5.5e-05
4.8e-05
4.7e-05
4e-05
4.6e-05
6.2e-05
6.4e-05
7.1e-05
6.6e-05
7.6e-05
0.000103
8.2e-05
5.8e-05
6.1e-05
6.3e-05
6e-05
6.7e-05
8e-05
8.6e-05
8.4e-05
8.2e-05
8.9e-05
9.6e-05
0.000109
0.000116
0.000102
8.2e-05
7.2e-05
7.2e-05
0.000103
0.000105
8.8e-05
0.00013
0.000156
0.000127
0.000118
7.8e-05
1.2e-05
1.5e-05
2.1e-05
3.5e-05
5.9e-05
2.6e-05
3.2e-05
-3e-06
5.4e-05
2.4e-05
4.9e-05
6.7e-05
8.5e-05
0.0001
8e-05
7e-05
8.4e-05
0.000103
9.3e-05
9.7e-05
8.7e-05
8.3e-05
7.9e-05
6.5e-05
8.7e-05
8.5e-05
7.2e-05
361 1
5e-05
7.9e-05
6.8e-05
7.2e-05
6.6e-05
0.000108
8.6e-05
8.6e-05
0.000106
9.4e-05
5.1e-05
7.5e-05
0.0001
6.6e-05
0.000106
9e-05
8.8e-05
9.4e-05
0.000101
9.5e-05
0.000113
7.9e-05
0.000132
0.00011
0.000109
0.000105
0.000111
0.000187
0.000147
0.000124
0.000137
0.000128
0.000103
8.3e-05
8.3e-05
9e-05
0.000104
0.000115
9.9e-05
7.8e-05
7.4e-05
8.4e-05
9e-05
8.9e-05
9.1e-05
9.4e-05
7.7e-05
8.9e-05
0.000101
9.6e-05
7.3e-05
5.7e-05
-5e-05
8.3e-05
0.000124
-5.6e-05
1.9e-05
4.9e-05
8.4e-05
7.1e-05
2.4e-05
9.2e-05
4.1e-05
1e-06
5.4e-05
8.6e-05
4.6e-05
4.9e-05
6.3e-05
7.5e-05
7.1e-05
7.6e-05
8.7e-05
8.7e-05
6.2e-05
9.2e-05
0.000117
0.000116
0.00012
0.000113
9.1e-05
0.000105
0.000151
7.2e-05
7.4e-05
6.8e-05
3.9e-05
9.7e-05
0.000218
3.1e-05
1e-05
4.2e-05
2.2e-05
1.8e-05
4.8e-05
4.8e-05
6.5e-05
0.000108
0.00013
6.7e-05
0.000199
3.3e-05
6.5e-05
8.2e-05
8.9e-05
3.7e-05
2.9e-05
3.5e-05
7.9e-05
0.000113
5.8e-05
4.1e-05
4.7e-05
4e-05
6.7e-05
0.000117
7.7e-05
6.9e-05
7.1e-05
6.4e-05
5.5e-05
7.7e-05
0.000126
0.00013
0.000105
7.5e-05
0.000111
0.000108
6.9e-05
7.5e-05
8.5e-05
6.7e-05
7.5e-05
8.7e-05
7.9e-05
7.1e-05
6.9e-05
7.2e-05
6.4e-05
5.4e-05
4.7e-05
3.8e-05
6.9e-05
9.8e-05
6.7e-05
6.6e-05
7.9e-05
9.6e-05
5.7e-05
6.6e-05
0.000128
9.7e-05
0.000117
0.000109
0.000134
1.6e-05
1.1e-05
0.000242
0.000194
-1e-05
0.000104
0.000102
0.000118
0.000103
9.5e-05
0.000106
0.000106
9.7e-05
1.2e-05
0.00022
4.6e-05
5.1e-05
6.7e-05
0.000154
6.1e-05
7.1e-05
5.6e-05
6.1e-05
7e-05
7.9e-05
8.4e-05
9.4e-05
0.000103
9.4e-05
7.8e-05
8e-05
7.1e-05
6.5e-05
6.2e-05
5.6e-05
5.1e-05
5.6e-05
5.5e-05
5.8e-05
7.8e-05
0.000101
0.000107
8.8e-05
7.2e-05
6.8e-05
7.6e-05
9e-05
0.000103
7.8e-05
3e-05
5.5e-05
0.000109
0.000123
0.000127
9.8e-05
6.7e-05
6.1e-05
6.3e-05
6.4e-05
7.1e-05
7.2e-05
4.8e-05
4.5e-05
7e-05
0.000125
8.8e-05
0.000109
7.1e-05
0.000104
0.000168
4.8e-05
0.000146
0.0001
-1.1e-05
7.5e-05
0.000133
6.2e-05
5.2e-05
9.9e-05
0.00012
9.5e-05
0.000114
7.5e-05
0.00014
8.9e-05
8.8e-05
0.000119
0.000349
0.000492
0.000132
0.000278
-2.8e-05
-4.8e-05
5.9e-05
0.000313
4e-05
8.2e-05
0.000123
0.000179
0.000186
0.000168
9.6e-05
0.000107
3.7e-05
3.6e-05
6.7e-05
7.2e-05
5.2e-05
5e-05
5e-05
3.5e-05
5e-06
2e-05
7.6e-05
8.8e-05
7.4e-05
5.2e-05
2.2e-05
3.8e-05
0.000108
0.000148
0.00011
6.6e-05
6.3e-05
7.8e-05
8.4e-05
8.3e-05
8e-05
9.2e-05
7.2e-05
9.5e-05
8.9e-05
9.2e-05
7.6e-05
7.1e-05
7.1e-05
6.5e-05
6.3e-05
6.6e-05
7.5e-05
6.4e-05
5.2e-05
5.9e-05
6.1e-05
5.7e-05
5.1e-05
4.2e-05
4.1e-05
5.5e-05
6.3e-05
6.8e-05
6.1e-05
6.6e-05
9.9e-05
8.5e-05
6.4e-05
6.1e-05
6.5e-05
6.8e-05
7.1e-05
7.3e-05
7.4e-05
7.4e-05
7.5e-05
7.4e-05
8e-05
8.9e-05
0.0001
0.000112
0.000105
8.1e-05
6.6e-05
0.000105
0.000123
8.9e-05
0.000124
0.000158
0.000118
9.3e-05
4.9e-05
3.1e-05
5.6e-05
3.2e-05
4.8e-05
1.2e-05
6.7e-05
2.5e-05
1.7e-05
1.7e-05
5.1e-05
2.7e-05
2.3e-05
8.2e-05
7.5e-05
8.5e-05
0.000137
9.2e-05
8.2e-05
0.00011
9.7e-05
8.6e-05
8.2e-05
7.8e-05
8.1e-05
9.9e-05
5e-05
361 1
8.6e-05
7.9e-05
7.2e-05
6.9e-05
7.5e-05
0.000108
9.1e-05
9.4e-05
0.000105
8.8e-05
9e-05
3.2e-05
6.7e-05
8.3e-05
7.8e-05
9e-05
7.6e-05
9e-05
0.000106
8.3e-05
0.000106
8.6e-05
0.000113
0.000103
8e-05
0.000106
8.6e-05
9e-05
0.000114
0.000151
0.000118
9e-05
6.3e-05
8.7e-05
8.8e-05
9.5e-05
9.7e-05
0.000105
0.000116
0.000115
0.000106
9.6e-05
9.3e-05
8.9e-05
8.4e-05
8.6e-05
8e-05
8.4e-05
0.000106
0.000109
8e-05
8.5e-05
5e-06
6.9e-05
0.000156
-5.8e-05
5.7e-05
9.3e-05
0.000114
6.5e-05
5.4e-05
8.3e-05
7.7e-05
8.8e-05
7.1e-05
5.2e-05
3.9e-05
4.9e-05
5.1e-05
5.7e-05
9.7e-05
9.1e-05
0.000115
6.8e-05
6.8e-05
3.6e-05
6.5e-05
7.8e-05
0.000125
0.000113
9.8e-05
0.000101
9.8e-05
6.4e-05
5.4e-05
3.5e-05
3.8e-05
3.6e-05
0.000121
7.6e-05
7e-05
5.3e-05
4.3e-05
1.5e-05
2.2e-05
-7e-06
1.6e-05
8.2e-05
8.4e-05
6.1e-05
8.1e-05
9.9e-05
0.000121
2e-05
3.8e-05
5.4e-05
4e-05
5.5e-05
6.5e-05
7.7e-05
6.6e-05
4.5e-05
3.7e-05
5.2e-05
5.3e-05
8.9e-05
8.5e-05
0.000115
7.5e-05
7.9e-05
6.2e-05
7.3e-05
0.00012
0.00013
9.9e-05
8.5e-05
8.6e-05
7.5e-05
0.000198
3.8e-05
4.2e-05
2.4e-05
9.1e-05
7.7e-05
7.4e-05
8.1e-05
7.5e-05
7.1e-05
7.4e-05
7.7e-05
8e-05
6.7e-05
5.4e-05
1.1e-05
6.8e-05
0.000172
0.000106
7.8e-05
7.6e-05
8.4e-05
8.9e-05
7.1e-05
8.1e-05
7.6e-05
6.9e-05
8.4e-05
0.000107
0.00012
3.8e-05
0.000273
0.000142
0.000124
9.2e-05
8.4e-05
9.4e-05
9.7e-05
8.1e-05
8.4e-05
9.9e-05
6.1e-05
7.1e-05
0.0002
5.3e-05
8.9e-05
8.4e-05
6.1e-05
5.9e-05
5.4e-05
6.7e-05
7e-05
6.7e-05
8.2e-05
7.9e-05
8.5e-05
9e-05
8.6e-05
7.9e-05
6.2e-05
0.000119
0.000104
6.6e-05
6.9e-05
8.5e-05
0.00011
0.000131
0.000155
0.00017
0.000148
0.000127
0.000122
0.000116
0.000107
7.9e-05
7.5e-05
0.000104
0.000101
7.5e-05
8.8e-05
0.000131
0.000108
5.8e-05
5.8e-05
6.8e-05
7.3e-05
7.7e-05
6e-05
5e-05
5.1e-05
6.5e-05
0.000111
0.000125
0.0001
5e-05
4.6e-05
0.000107
0.000125
8.6e-05
5.2e-05
5.5e-05
3.4e-05
2.5e-05
0.00014
0.0001
8.6e-05
0.000143
6.1e-05
0.000147
8.4e-05
0.0001
9.6e-05
9.6e-05
5.3e-05
0.00014
0.000128
0.00023
0.000246
0.00025
0.000136
0.000175
0.000194
0.000103
6.1e-05
0.000104
0.0001
8.1e-05
6.4e-05
0.000109
0.00014
0.000177
0.000164
0.000147
0.000165
0.000138
8.5e-05
6e-05
6.3e-05
0.000134
8.8e-05
0.000108
5.8e-05
8.6e-05
0.000112
0.000139
0.00014
0.00011
0.000103
0.000117
0.000125
0.000113
0.00011
0.000102
8e-05
7.6e-05
8.5e-05
7.5e-05
6.3e-05
0.000104
8.1e-05
8.8e-05
7.2e-05
6.3e-05
6.5e-05
7e-05
6.7e-05
6.5e-05
6.9e-05
6.3e-05
6e-05
5.9e-05
6.3e-05
5.5e-05
4.2e-05
3.9e-05
4.5e-05
6e-05
5.6e-05
5.1e-05
6.1e-05
9.6e-05
0.000102
7.7e-05
6.8e-05
6.5e-05
6.5e-05
6.7e-05
6.7e-05
6.4e-05
6.5e-05
6.9e-05
6.9e-05
6.8e-05
7.1e-05
7.4e-05
7.7e-05
9.3e-05
0.000118
0.0001
7.8e-05
0.000111
0.000119
9.1e-05
0.000114
0.000133
0.000102
7.7e-05
6.2e-05
9.4e-05
5.9e-05
7.5e-05
7.4e-05
9.4e-05
0.000104
6.7e-05
2.8e-05
2.1e-05
2.4e-05
3.7e-05
1.8e-05
1.3e-05
6.2e-05
9.2e-05
8.8e-05
9.7e-05
0.000113
0.000118
0.000103
9e-05
7.4e-05
8e-05
8.8e-05
8.6e-05
361 1
9.4e-05
9.3e-05
7.7e-05
8.9e-05
7.1e-05
8.9e-05
8.2e-05
6.2e-05
8.5e-05
7.5e-05
7.9e-05
7.5e-05
0.000101
8.5e-05
8.5e-05
8.9e-05
8.6e-05
8.3e-05
9.4e-05
7.5e-05
8.9e-05
8.6e-05
9.6e-05
5.8e-05
9.3e-05
7.5e-05
6.9e-05
7.3e-05
5.6e-05
8.7e-05
9.8e-05
0.000138
0.000117
0.000109
9.6e-05
8.4e-05
7.6e-05
9.2e-05
9.8e-05
0.000108
0.000122
0.000116
0.000112
0.00011
0.000109
0.000104
0.000104
9.3e-05
9.4e-05
0.000128
9.2e-05
6.7e-05
8e-06
3.1e-05
0.000136
-5.5e-05
8e-05
-2.8e-05
0.000167
0.000235
6.7e-05
0.000109
9.2e-05
7.4e-05
3.2e-05
9.8e-05
9e-05
7.7e-05
6.7e-05
6.2e-05
7.6e-05
8.5e-05
0.000105
9.4e-05
4.4e-05
3.8e-05
5.3e-05
8.1e-05
5.8e-05
0.000101
6.9e-05
0.000112
0.000122
6.5e-05
0.000129
5.9e-05
-8e-06
1.1e-05
0.000144
-3.7e-05
9.9e-05
8.1e-05
0.000136
-6.4e-05
6.8e-05
0.000121
-4e-06
0.000168
0.000127
0.000238
5.2e-05
6.8e-05
5.5e-05
9.6e-05
5.1e-05
5.2e-05
3.4e-05
3e-05
5.5e-05
6.5e-05
5.5e-05
5.6e-05
5.1e-05
4.8e-05
6.1e-05
6.9e-05
8.8e-05
7.4e-05
8.6e-05
9.5e-05
8.1e-05
7e-05
7.7e-05
0.000142
0.000148
0.000103
0.000107
7.7e-05
0.000106
8.8e-05
7.5e-05
2.2e-05
5.7e-05
8.8e-05
8.4e-05
9.9e-05
0.00011
0.000111
0.000102
8.7e-05
7.7e-05
8e-05
9e-05
7.7e-05
5.9e-05
9.7e-05
0.000122
0.000143
4.1e-05
7.5e-05
9e-05
0.000101
8.7e-05
6.8e-05
9.3e-05
6.1e-05
8.7e-05
7.9e-05
0.000111
8.1e-05
8.5e-05
0.000187
8.1e-05
0.000141
9.9e-05
9.7e-05
9.4e-05
9e-05
8.1e-05
9.9e-05
5.6e-05
0.0001
0.000141
5.6e-05
7.8e-05
8.4e-05
7.2e-05
6e-05
6e-05
7.5e-05
6.7e-05
6.8e-05
7.7e-05
8.4e-05
8.3e-05
8.2e-05
7.9e-05
0.000119
8.8e-05
6.2e-05
5.2e-05
6.7e-05
0.000105
8.7e-05
9e-05
6.9e-05
5.6e-05
4.1e-05
3.8e-05
6e-05
0.000105
0.000143
0.000182
0.000141
0.000134
9.6e-05
0.000118
0.000125
0.000101
6.5e-05
5.9e-05
8.2e-05
8.5e-05
6.4e-05
6.9e-05
6.6e-05
7.3e-05
8.2e-05
7.8e-05
9.5e-05
9.1e-05
5.3e-05
5.4e-05
6.9e-05
5.2e-05
0.000144
9.7e-05
0.000154
3.7e-05
8.7e-05
8.2e-05
7.6e-05
0.000109
6.4e-05
0.000113
3.8e-05
0.000119
0.000122
0.000108
7.9e-05
6.3e-05
6e-05
6.5e-05
6.1e-05
9e-05
0.000106
9.1e-05
9.3e-05
0.000109
0.000109
0.000103
0.0001
0.000108
0.000108
8.5e-05
8.6e-05
7.9e-05
8e-05
8.4e-05
0.000109
0.000122
9.4e-05
0.000113
0.000122
0.000129
0.000144
0.000143
0.0001
6.4e-05
0.000133
0.000192
0.00011
9.9e-05
5.8e-05
0.000159
7.9e-05
8.1e-05
4.6e-05
0.000109
8.4e-05
9.5e-05
0.0001
0.000116
9.3e-05
8.7e-05
0.000136
0.00012
5.6e-05
4.4e-05
9.6e-05
8.1e-05
4.3e-05
6.4e-05
7.2e-05
6.4e-05
6.1e-05
5.9e-05
5.9e-05
6.5e-05
6.5e-05
6.4e-05
5.4e-05
3.9e-05
4.5e-05
6.2e-05
6.2e-05
6e-05
7.1e-05
9.1e-05
9.2e-05
7.4e-05
6.9e-05
7.1e-05
7.3e-05
7.4e-05
7.5e-05
7.5e-05
7.2e-05
6.8e-05
7e-05
7.2e-05
6.4e-05
7.6e-05
9e-05
8.6e-05
9.3e-05
0.000102
9.7e-05
9.9e-05
0.000119
0.00011
9.2e-05
0.000108
0.000123
0.000103
8.9e-05
5.7e-05
5.7e-05
8.1e-05
9.8e-05
6.1e-05
4.7e-05
6.2e-05
4.7e-05
5e-05
5.4e-05
1e-05
2.1e-05
4.3e-05
4.8e-05
8.1e-05
8e-05
0.000101
9.3e-05
8.2e-05
8.6e-05
0.000103
8.3e-05
8.7e-05
8.5e-05
9.4e-05
361 1
0.000112
0.000101
0.0001
8.5e-05
0.000102
7.5e-05
7.3e-05
0.000112
8.4e-05
7.9e-05
8.6e-05
7.6e-05
0.00011
9.3e-05
0.00011
0.000126
9.8e-05
9.7e-05
0.00012
0.000105
9.6e-05
7.2e-05
6.9e-05
0.00012
0.000112
-6e-06
0.0001
8.2e-05
7.2e-05
9.6e-05
8.6e-05
0.000116
0.000115
0.000114
0.000126
0.000121
8.4e-05
8.9e-05
8.1e-05
7.8e-05
7.8e-05
9.7e-05
0.000112
0.000105
0.000101
0.000113
9.6e-05
0.000107
0.000101
0.000113
0.000103
9.8e-05
3.3e-05
4.2e-05
8.4e-05
-2.4e-05
1.3e-05
-1e-06
4.5e-05
4.8e-05
3e-05
2.9e-05
2.2e-05
7.5e-05
8.8e-05
7.6e-05
4.8e-05
3.3e-05
4.9e-05
7.3e-05
9.1e-05
0.00011
0.000109
0.000131
8.1e-05
6.1e-05
7.3e-05
5.3e-05
6e-05
0.000126
0.00014
0.000125
9.7e-05
8.4e-05
9.4e-05
0.000196
-5.7e-05
5.5e-05
0.000104
3.8e-05
4.7e-05
7.3e-05
6.9e-05
8.7e-05
0.000108
0.000107
0.000138
0.000127
0.000135
0.000135
0.000129
6.5e-05
6.2e-05
7.5e-05
5.6e-05
6.5e-05
5.2e-05
3.1e-05
2.6e-05
6.3e-05
7.9e-05
7.7e-05
7.5e-05
7e-05
5.8e-05
6.5e-05
7.8e-05
7e-05
7.3e-05
7.9e-05
9.4e-05
6.5e-05
6e-05
6.8e-05
0.000107
0.000135
0.000118
9.7e-05
8.3e-05
0.000109
5.8e-05
6.4e-05
8.1e-05
9.8e-05
0.000116
0.0001
7.4e-05
7.5e-05
7.6e-05
0.000126
0.000117
0.000114
7.8e-05
6.2e-05
6.6e-05
7.3e-05
8.3e-05
9.1e-05
7.3e-05
7.9e-05
8.7e-05
8.5e-05
0.000101
0.00011
9.2e-05
7.5e-05
8.4e-05
7.2e-05
8e-05
9.6e-05
0.000155
0.000142
0.000119
8.5e-05
7.3e-05
5.7e-05
1.7e-05
9.5e-05
8.3e-05
6.8e-05
7.8e-05
9.1e-05
7.2e-05
9.6e-05
0.000101
7.3e-05
7.7e-05
7.1e-05
6.3e-05
6.2e-05
7.3e-05
6.2e-05
5.9e-05
6e-05
9.1e-05
8.9e-05
8e-05
0.000122
8.6e-05
5.9e-05
5.4e-05
6.3e-05
8.2e-05
9.9e-05
9.6e-05
0.000114
0.000123
0.000117
0.000116
0.000115
0.0001
5e-05
6.4e-05
0.000101
8e-05
0.000162
0.000144
0.000117
0.000132
6.5e-05
5.1e-05
7.8e-05
7.7e-05
8.7e-05
5.6e-05
7.2e-05
7.3e-05
7.9e-05
9.2e-05
7.7e-05
5.9e-05
8.1e-05
9.3e-05
8.5e-05
7.5e-05
9.5e-05
0.000116
0.000117
7.4e-05
7.7e-05
8.2e-05
8.5e-05
0.000112
0.000118
0.00011
0.000122
0.000118
0.000114
0.000116
8.2e-05
7.1e-05
6.8e-05
6.6e-05
5.8e-05
7.7e-05
0.000114
0.00011
8.5e-05
7e-05
7.4e-05
7.5e-05
7e-05
7.1e-05
7.2e-05
7.4e-05
7.8e-05
9.2e-05
0.000104
0.000103
9.6e-05
9e-05
7.2e-05
0.000101
0.000142
0.000147
9.9e-05
0.000128
0.000104
8.4e-05
0.000162
0.00019
0.000118
3.2e-05
6.8e-05
7.4e-05
5.9e-05
-7e-06
1.2e-05
4.7e-05
4.5e-05
5.9e-05
8.1e-05
8.9e-05
7.1e-05
6.6e-05
5.7e-05
0.000102
6.6e-05
8.7e-05
0.000146
0.00012
0.000104
9.2e-05
7e-05
5.8e-05
5.4e-05
6.1e-05
6.3e-05
5.4e-05
6.4e-05
7.1e-05
5.3e-05
4e-05
5.4e-05
6.6e-05
6.2e-05
7.4e-05
8.7e-05
8.6e-05
7.6e-05
6.9e-05
7.2e-05
7.6e-05
7.7e-05
7.7e-05
7.4e-05
7.3e-05
7.4e-05
7.5e-05
7.3e-05
6.7e-05
5.9e-05
6e-05
7.9e-05
0.000101
0.000109
0.000104
0.000106
0.000112
0.00012
0.000121
0.000111
0.00011
0.000127
0.000117
0.0001
9.9e-05
9.7e-05
0.000108
5.2e-05
6.6e-05
2.2e-05
5.7e-05
8.1e-05
5.5e-05
4.5e-05
3.6e-05
4.2e-05
5.1e-05
5.7e-05
0.000113
0.000115
0.00014
0.000118
0.000122
0.000111
0.000106
9e-05
0.000104
0.000115
0.000112
361 1
0.000106
0.000106
0.000128
0.000128
9.3e-05
0.000108
0.000101
8.8e-05
9.8e-05
0.000101
9.2e-05
6.4e-05
7.4e-05
8.2e-05
9e-05
9.1e-05
9e-05
0.000118
0.000172
0.000107
0.000126
8.3e-05
9.8e-05
0.000101
0.000101
8.8e-05
1.3e-05
1.9e-05
6.9e-05
9.4e-05
9.5e-05
0.000102
0.00011
0.000107
0.000101
0.000106
9.1e-05
0.000128
0.000116
0.0001
7.2e-05
5.7e-05
7e-05
9.5e-05
0.000104
0.000101
0.000114
0.000101
9.8e-05
9.7e-05
0.000105
6.5e-05
-4e-06
4.8e-05
8.9e-05
-3.9e-05
2e-05
0
0.00011
7.8e-05
0.000103
4.6e-05
7e-05
4.1e-05
3.6e-05
3.8e-05
3.7e-05
4e-05
3.4e-05
4.6e-05
5e-05
7.1e-05
7.2e-05
0.000112
0.000121
8.7e-05
5.8e-05
6.9e-05
7.9e-05
0.000119
9.8e-05
0.000113
0.000129
0.000146
7.5e-05
0.00012
4e-06
7.2e-05
8.2e-05
8.9e-05
9e-05
9.6e-05
0.000109
0.000129
0.000122
0.000142
0.000129
0.000125
0.000149
0.000156
0.000128
9.2e-05
0.000148
0.000116
0.000101
8.8e-05
6.6e-05
5.2e-05
4.6e-05
6.7e-05
5.8e-05
6.6e-05
5.5e-05
5.3e-05
0.000203
0.000163
5.8e-05
8.6e-05
9.6e-05
7.8e-05
7.3e-05
7.6e-05
7.8e-05
6.1e-05
6.4e-05
8.8e-05
0.000138
0.000137
9.2e-05
3.4e-05
0.000117
8e-05
7.5e-05
8.2e-05
9.5e-05
0.000105
0.000117
0.000148
6.2e-05
9.1e-05
1.2e-05
0.000111
8.8e-05
0.000104
8.4e-05
7.3e-05
8e-05
5.9e-05
7.3e-05
8.5e-05
8.2e-05
8.1e-05
8.3e-05
9.8e-05
9.8e-05
0.000102
8.5e-05
7.9e-05
9.5e-05
7.6e-05
9.3e-05
0.000155
0.000148
4.7e-05
7e-05
3.6e-05
2.8e-05
5e-06
4.4e-05
9.3e-05
7.6e-05
9.8e-05
6e-05
8.9e-05
8.5e-05
8.3e-05
8.2e-05
6.8e-05
7.5e-05
7.1e-05
7e-05
6.4e-05
5.3e-05
6.1e-05
6.9e-05
8.2e-05
7.8e-05
5.6e-05
0.000112
0.00014
7.4e-05
5.4e-05
8.5e-05
7.6e-05
8.5e-05
0.000104
0.000111
0.00012
0.000113
0.000109
0.000107
0.000116
0.000155
7.8e-05
3.4e-05
6.8e-05
0.000124
0.00016
0.000134
8.1e-05
5.3e-05
6.2e-05
5.9e-05
7.4e-05
6.3e-05
8.2e-05
6.6e-05
6.9e-05
9.2e-05
0.000146
0.000118
8.5e-05
9.9e-05
8.3e-05
0.000126
6.6e-05
0.000113
8.6e-05
4.7e-05
7.9e-05
0.000111
7.6e-05
4.7e-05
0.00017
0.000155
1.6e-05
7.1e-05
0.000115
0.00013
8.5e-05
7e-05
6.6e-05
6.5e-05
8.2e-05
8.1e-05
9.1e-05
9.5e-05
8e-05
6.8e-05
5.8e-05
4.3e-05
2.8e-05
4.3e-05
6.5e-05
7.2e-05
7.4e-05
8e-05
8.2e-05
8.6e-05
9.3e-05
0.000109
9.9e-05
9.6e-05
9.7e-05
0.000103
8.3e-05
9.6e-05
8.2e-05
0.000113
0.000121
8.4e-05
4.3e-05
5.8e-05
6.4e-05
9.2e-05
0.000133
-3e-06
8.1e-05
0.000106
3.2e-05
2.2e-05
-8e-06
4.1e-05
0.00011
9.8e-05
0.000105
9.3e-05
7e-05
7.8e-05
6.6e-05
0.000102
0.00013
0.000123
6e-05
0.000111
0.000193
7.1e-05
4e-05
4.6e-05
5.7e-05
5.3e-05
7.7e-05
4e-05
5.4e-05
6e-05
6.6e-05
7.7e-05
6.9e-05
6.8e-05
7.4e-05
7.9e-05
7.2e-05
6.9e-05
7.5e-05
7.4e-05
6.8e-05
6.8e-05
7e-05
7.3e-05
7.2e-05
7.4e-05
8.7e-05
0.000104
0.000104
9.5e-05
0.000103
0.000109
0.000113
0.000114
0.000122
0.000139
0.000149
0.000138
0.000126
0.00011
9.1e-05
0.000111
7.2e-05
5e-05
3.9e-05
7.2e-05
0.000104
3e-05
4.1e-05
4.3e-05
5.7e-05
8.9e-05
0.00012
0.000152
0.000216
0.000207
0.000134
0.0001
6.1e-05
7.3e-05
8.4e-05
0.000153
0.000171
0.000103
0.000118
0.000106
361 1
8.6e-05
0.000121
0.000113
0.00014
0.000129
0.000146
0.000119
0.00012
0.000117
9.6e-05
9.7e-05
7.9e-05
9.9e-05
7.8e-05
9.8e-05
8.9e-05
7.9e-05
8.8e-05
9.7e-05
9.7e-05
0.000154
0.000127
9.7e-05
0.000103
6.2e-05
7.6e-05
2e-05
2.7e-05
4.5e-05
8.2e-05
7.6e-05
0.00012
0.000107
0.000107
0.000105
0.0001
9.2e-05
8.6e-05
8.7e-05
0.000108
0.000125
0.000115
9.3e-05
0.0001
0.000103
0.000106
9.5e-05
9.4e-05
9.3e-05
9.6e-05
8.1e-05
0.000105
-2e-06
8.9e-05
9.1e-05
-7e-06
0.000107
0.000105
0.00017
8.1e-05
7.5e-05
7.2e-05
4.5e-05
3.5e-05
4.2e-05
8.4e-05
8e-05
6.5e-05
3.4e-05
3.1e-05
5.2e-05
6.6e-05
5.7e-05
6.1e-05
8.8e-05
8.8e-05
0.000108
9.6e-05
8.3e-05
6.9e-05
8.5e-05
0.000131
6.9e-05
0.000124
0.000118
3.6e-05
6.3e-05
7.9e-05
8e-05
9.1e-05
9e-05
8.5e-05
8.8e-05
8.6e-05
6.5e-05
8e-05
7.9e-05
4.6e-05
4.9e-05
5.2e-05
3.9e-05
3.8e-05
3.5e-05
4.7e-05
7.6e-05
6.9e-05
6e-05
7.5e-05
0.000114
0.000106
0.000111
5.7e-05
5.8e-05
6.8e-05
6.8e-05
0.000265
0.000207
0.000131
8e-05
0.000135
0.000116
6.1e-05
0.000101
9.9e-05
8e-05
6.9e-05
6.9e-05
0.000103
0.000122
0.0001
7.5e-05
0.000143
8.5e-05
0.000116
8e-05
9.2e-05
0.000125
0.0001
0.000123
0.000104
0.000144
0.000157
9.8e-05
-1.6e-05
0.000116
8.3e-05
8.2e-05
8e-05
5.9e-05
8.7e-05
8.2e-05
7.2e-05
7.4e-05
7.7e-05
7.9e-05
8.2e-05
9.4e-05
9.8e-05
0.0001
9.2e-05
9.3e-05
9.3e-05
0.000141
0.000183
0.000226
8.3e-05
8.6e-05
6.7e-05
6.5e-05
5e-05
8.2e-05
7.5e-05
0.000104
6e-05
0.000135
5.4e-05
7e-05
8.1e-05
6.9e-05
6.3e-05
7.1e-05
7.5e-05
6.9e-05
5.6e-05
5.7e-05
4.7e-05
5.7e-05
8.8e-05
7.7e-05
3.8e-05
9.9e-05
0.000108
0.00015
0.000109
3.6e-05
0.000121
7.8e-05
0.000117
0.000101
0.000103
0.000121
0.00012
0.00011
0.000114
9.8e-05
0.000127
0.00011
0.000147
0.00015
0.0001
6.7e-05
7.9e-05
7e-05
8.5e-05
5.2e-05
0.00011
8.4e-05
9.2e-05
0.000109
0.000129
9.1e-05
4.4e-05
2.2e-05
4.4e-05
0.000108
5.2e-05
6.3e-05
1e-05
0.000121
0.000123
8.3e-05
1.4e-05
0.000181
9.4e-05
6.5e-05
8.3e-05
3.3e-05
0.000153
0.000119
8.8e-05
7.8e-05
5.7e-05
6.4e-05
8.3e-05
0.000104
0.000107
0.000118
0.000112
9.7e-05
8.9e-05
9.3e-05
8.6e-05
8.2e-05
8.2e-05
8.7e-05
9.9e-05
0.0001
8.6e-05
0.000101
0.000127
0.000134
0.000122
0.000118
0.000134
0.000106
8.6e-05
9.4e-05
0.000107
0.000131
0.000176
0.000155
4.3e-05
5.2e-05
4.3e-05
7.8e-05
5.4e-05
6.3e-05
8.2e-05
6.2e-05
8.9e-05
0.000113
0.000114
7.2e-05
6e-05
6.2e-05
1.1e-05
3.6e-05
6.7e-05
9.1e-05
0.0001
0.000107
9.5e-05
9.3e-05
0.000111
0.000136
0.000118
2e-05
0.000128
0.000193
0.00011
8e-06
5.8e-05
5.2e-05
6.9e-05
5.6e-05
6.4e-05
6.4e-05
7.2e-05
9.2e-05
0.000104
9.7e-05
8.2e-05
9.6e-05
9.3e-05
9.3e-05
8.7e-05
8e-05
7.5e-05
6.2e-05
4.3e-05
4.7e-05
6.4e-05
7.4e-05
9.5e-05
0.000106
8.6e-05
9.7e-05
0.000105
0.000104
0.000111
0.000134
0.000159
0.000164
0.000142
0.000103
8.4e-05
8.7e-05
6.8e-05
6e-05
4.9e-05
5.2e-05
7.4e-05
4.1e-05
4.9e-05
5.9e-05
6.9e-05
0.0001
0.000103
0.000119
0.00015
7.6e-05
8.2e-05
9.2e-05
8.7e-05
8.3e-05
7.5e-05
8.4e-05
0.00012
3.7e-05
0.000102
8.6e-05
361 1
6.6e-05
3.2e-05
2.5e-05
3.9e-05
6e-05
2.1e-05
8.2e-05
0.000118
0.000149
0.000132
0.000126
9.3e-05
0.00011
9.4e-05
8.9e-05
8.3e-05
6.8e-05
8.2e-05
0.000106
0.000103
0.000114
0.000131
0.000108
8.8e-05
0.000105
4.5e-05
9.6e-05
3.2e-05
7e-05
9e-05
6.8e-05
6.9e-05
6.9e-05
9.9e-05
0.000115
0.000103
8.9e-05
9.8e-05
9e-05
8.9e-05
0.000105
0.000116
0.000121
0.000121
0.000123
0.000121
0.000118
0.000107
8.8e-05
0.000113
8e-05
7.5e-05
-1.5e-05
8.8e-05
5.5e-05
-6.8e-05
0.000178
4e-06
0.000229
0.000252
4.9e-05
8.5e-05
2e-05
5.8e-05
7.4e-05
8.9e-05
6.7e-05
7.7e-05
8.3e-05
6e-05
5e-05
2.2e-05
6e-05
1.7e-05
5.8e-05
5.5e-05
7.3e-05
5.5e-05
4.9e-05
8.2e-05
8.2e-05
0.000119
0.000108
0.000138
0.000115
7.6e-05
8.7e-05
8.9e-05
6.3e-05
6.7e-05
6.7e-05
6.3e-05
4.2e-05
6.3e-05
8.4e-05
9.4e-05
6.6e-05
3.4e-05
6.8e-05
5.5e-05
6e-06
9e-06
9e-06
1.6e-05
3.4e-05
0
2.3e-05
4.8e-05
8.2e-05
6.7e-05
7.4e-05
4.5e-05
0.000129
8.5e-05
4.3e-05
6.5e-05
6.7e-05
0.000171
0.000195
8.8e-05
5.5e-05
8.3e-05
9.3e-05
0.000157
8.1e-05
8.2e-05
0.000101
8.7e-05
9.8e-05
0.000107
0.000104
8.7e-05
8.1e-05
0.000139
0.000104
0.000113
0.0001
0.00011
0.000107
9.9e-05
0.000126
8e-05
0.000218
0
6.3e-05
3.6e-05
1.3e-05
0.000187
5.7e-05
6.6e-05
6.5e-05
9.8e-05
7.1e-05
6.8e-05
7.2e-05
7.8e-05
8e-05
8.8e-05
9e-05
0.000102
0.000113
0.000106
0.000135
6.7e-05
0.000153
0.000162
8.5e-05
9.7e-05
9.1e-05
0.000111
0.000115
0.000111
9.8e-05
7.4e-05
5.2e-05
0.000242
8.6e-05
4.9e-05
6.2e-05
8.1e-05
8.4e-05
8.4e-05
8.7e-05
9.8e-05
0.000104
8.7e-05
6.7e-05
5.6e-05
6.4e-05
7.9e-05
7.2e-05
8.6e-05
9e-05
7.6e-05
0.000138
9.7e-05
6.2e-05
6.7e-05
0.000115
9.2e-05
9.4e-05
0.000122
0.000133
0.00012
0.000109
0.0001
8.9e-05
7.5e-05
0.000155
0.000141
7.1e-05
8.3e-05
6.5e-05
5.8e-05
6.2e-05
8.1e-05
0.000105
0.000109
5.3e-05
0.000165
2.5e-05
6.6e-05
3.7e-05
4.3e-05
9.8e-05
5.6e-05
7.3e-05
7.1e-05
4.1e-05
9.5e-05
0.000123
7e-05
0.000108
0.000191
4.9e-05
6.6e-05
-8e-06
9.3e-05
0.000111
9.2e-05
6.8e-05
5.8e-05
7.1e-05
7.7e-05
7.7e-05
8.6e-05
8.2e-05
8.2e-05
8.1e-05
8.2e-05
8.7e-05
9.6e-05
0.0001
9.7e-05
9.3e-05
8.6e-05
8.5e-05
8.7e-05
8.4e-05
7.8e-05
8.5e-05
8.4e-05
8.5e-05
9.2e-05
9.7e-05
0.000113
0.000109
0.000108
0.000114
8.9e-05
7.9e-05
0.000132
8.7e-05
0.000125
6.5e-05
7.7e-05
7.8e-05
0.000103
8.7e-05
6.1e-05
6.3e-05
9.5e-05
5.9e-05
0.000105
0.000135
7.8e-05
7.7e-05
6.5e-05
6.9e-05
3.3e-05
4.9e-05
9.9e-05
0.0001
0.000148
0.000112
0.000126
0.000132
0.000156
0.00015
0.000141
0.000155
0.000152
0.000153
9.8e-05
6e-05
5.7e-05
5.4e-05
6.3e-05
6.8e-05
8.6e-05
0.000107
0.000111
8.3e-05
0.000102
9.4e-05
0.000107
0.000111
8.8e-05
7.1e-05
5.5e-05
6.3e-05
9.1e-05
9.4e-05
9.6e-05
0.000101
9.8e-05
0.0001
0.000102
9.9e-05
0.000104
0.00012
0.00014
0.000155
0.000153
0.000127
0.000104
8.6e-05
7e-05
5.9e-05
6e-05
5.5e-05
5.6e-05
5.4e-05
6.1e-05
6.5e-05
8.3e-05
0.000102
0.000128
0.000118
0.000138
8.4e-05
8.1e-05
7.6e-05
8.3e-05
8.9e-05
7.7e-05
0.000108
9.1e-05
8.4e-05
6.3e-05
6.6e-05
361 1
8.8e-05
8.4e-05
7.6e-05
5.7e-05
2.6e-05
5.3e-05
7.6e-05
2.1e-05
5.6e-05
2.5e-05
8.9e-05
0.000135
0.000133
0.000108
8.8e-05
9.8e-05
0.000113
0.00013
0.000108
0.000101
0.000106
9.6e-05
0.000119
0.000148
8.8e-05
4.5e-05
7.1e-05
1.3e-05
7.5e-05
7.9e-05
7e-05
0.0001
7.8e-05
4.6e-05
0.000146
0.000108
7.5e-05
8.8e-05
9.8e-05
9.1e-05
9.1e-05
0.000106
0.000107
0.000101
0.000108
0.000112
0.000116
0.000126
0.000111
0.000121
9.3e-05
7.7e-05
2.5e-05
7.9e-05
9.5e-05
-2.9e-05
0.000123
2.4e-05
5.1e-05
2.5e-05
-2.7e-05
3.2e-05
9.3e-05
3e-05
2.4e-05
-4e-06
1.1e-05
4.9e-05
6.4e-05
8e-05
7.7e-05
0.000113
6.5e-05
8.7e-05
7e-05
5.3e-05
0.000103
0.000104
0.000106
7.4e-05
2.6e-05
0.000127
0.000121
9.5e-05
0.0001
7.4e-05
0.000112
5.6e-05
9.1e-05
1.8e-05
6.2e-05
3.6e-05
0.000103
8.4e-05
7.4e-05
8.2e-05
7.3e-05
5.9e-05
8.7e-05
0.000105
4e-05
5.5e-05
4.1e-05
7.2e-05
6.6e-05
2.8e-05
5e-06
7.7e-05
0.000159
0.000207
0.000204
0.000216
0.000161
0.000108
0.000114
7.3e-05
9.1e-05
0.000111
0.000112
0.000137
0.000105
6.6e-05
8.4e-05
0.000165
0.00013
7.7e-05
9.9e-05
8.1e-05
6.6e-05
9.4e-05
0.000114
0.000117
8.6e-05
6.2e-05
0.000108
0.000172
0.000159
6.7e-05
0.000114
0.000116
0.000117
0.00012
0.000141
0.000104
0.000118
9.6e-05
1.7e-05
1.2e-05
0.000125
0.000147
3.9e-05
9e-05
7.1e-05
0.000113
5.9e-05
6.4e-05
6.7e-05
9.5e-05
9.1e-05
9.9e-05
8.8e-05
0.000103
0.000125
0.00011
0.000113
9.4e-05
0.000145
0.00017
0.00018
9.1e-05
0.000108
8e-05
8.7e-05
9e-05
0.000123
5e-05
9.1e-05
0.000207
6.7e-05
6.4e-05
5.8e-05
8.2e-05
9.5e-05
9.8e-05
0.000101
8.3e-05
8.5e-05
0.000107
0.000118
9.8e-05
5.9e-05
9e-05
6.8e-05
5.1e-05
5.7e-05
0.000146
0.000168
0.000141
4.8e-05
9.3e-05
0.000108
0.000101
0.000119
0.000127
0.000118
9.6e-05
8.2e-05
7e-05
9.8e-05
0.000142
8.9e-05
7.8e-05
7.3e-05
6.7e-05
5.8e-05
7e-05
0.00012
5.2e-05
0.00017
5.3e-05
3.7e-05
3.9e-05
5.8e-05
8.9e-05
6.7e-05
5.9e-05
5.5e-05
7.6e-05
5.7e-05
8.2e-05
0.000117
0.000165
0.000136
0.000143
2.9e-05
3.9e-05
5.1e-05
0.000115
0.000116
9.5e-05
8.5e-05
6.8e-05
7.7e-05
6.8e-05
6.2e-05
7.3e-05
6.6e-05
5.9e-05
5.6e-05
6.6e-05
7.1e-05
7.5e-05
8.7e-05
9.1e-05
8.5e-05
8.2e-05
9.1e-05
9.9e-05
0.000107
0.000105
0.000101
9.6e-05
9.2e-05
8.2e-05
7.9e-05
8.3e-05
7.8e-05
8.5e-05
8.4e-05
7.6e-05
8.8e-05
0.000106
9.3e-05
0.000105
9.5e-05
0.000116
0.000141
0.000117
4.4e-05
6.7e-05
3.4e-05
3.7e-05
3.8e-05
4.2e-05
5e-05
9.2e-05
0.000101
7.4e-05
5.8e-05
6.8e-05
7.1e-05
6.1e-05
4.3e-05
6.6e-05
4.4e-05
5.4e-05
0.000125
0.000117
7.7e-05
8.1e-05
0.000136
0.000172
0.000132
0.00013
0.000185
0.000239
5.8e-05
4.9e-05
6.9e-05
6.1e-05
6.3e-05
0.0001
9.6e-05
8.6e-05
9.6e-05
0.000106
8.4e-05
9.8e-05
9.4e-05
6.9e-05
6.3e-05
7.1e-05
8.1e-05
8.7e-05
9.3e-05
0.0001
9.4e-05
9.8e-05
0.000108
0.000122
0.00014
0.000156
0.000158
0.000134
9.1e-05
7.3e-05
6.8e-05
7.2e-05
6.1e-05
5.9e-05
0.00013
2.7e-05
0.000106
7.7e-05
6.5e-05
9.3e-05
0.00014
0.00015
0.000117
0.000156
0.000103
6.5e-05
5e-05
7.8e-05
9.6e-05
9.2e-05
9.9e-05
8.8e-05
0.000129
0.000113
8.8e-05
361 1
9.6e-05
7.2e-05
8.1e-05
9.1e-05
8.9e-05
9.6e-05
5.9e-05
6.7e-05
6.6e-05
4e-05
2.6e-05
8.4e-05
0.000112
9.3e-05
9.7e-05
0.000106
0.000101
9e-05
0.000108
0.000102
0.000107
8.7e-05
8.2e-05
8.2e-05
8.2e-05
0.000115
6.3e-05
3.2e-05
7.3e-05
6.7e-05
6.6e-05
7.2e-05
8.8e-05
4.3e-05
4.7e-05
7.6e-05
9.5e-05
0.000113
0.000107
9.4e-05
8e-05
7.5e-05
7e-05
6.5e-05
7.2e-05
0.000102
8.9e-05
0.000103
0.000117
0.00012
9e-05
4e-05
-2.9e-05
2.1e-05
9.8e-05
-2.3e-05
7.4e-05
5.4e-05
0.000135
0.00016
0.000106
0.000106
0.0001
4.7e-05
5.1e-05
3.9e-05
7.1e-05
0
7.2e-05
6.7e-05
5e-05
5.3e-05
7.7e-05
0.000124
8.3e-05
8.9e-05
8.4e-05
0.000103
8.4e-05
8.9e-05
9.2e-05
0.000124
0.000114
0.000111
0.000119
0.000124
0.000147
0.000113
8.8e-05
6e-05
6.5e-05
9e-05
0.000105
9e-05
8.1e-05
8.7e-05
5e-05
6.9e-05
0.000109
0.000113
8.6e-05
0.000104
0.000105
0.000111
9.8e-05
9.6e-05
0.0001
8.4e-05
7e-05
0.0001
0.000192
0.000137
0.000116
0.000115
0.000148
0.000183
0.000142
8.6e-05
0.000123
0.000102
0.000116
-2.2e-05
4e-06
0.000128
0.00011
8.4e-05
7.8e-05
8e-05
9.3e-05
0.000136
0.000118
9.7e-05
9.5e-05
0.000126
0.00011
6.5e-05
9.9e-05
0.000141
0.00012
0.000137
0.000102
0.000104
0.000147
0.000147
0.000124
0.000106
8.3e-05
8.6e-05
-1e-06
0
0.000151
9.9e-05
6.9e-05
9.5e-05
0.0001
8.2e-05
7.6e-05
6.8e-05
9e-05
8.3e-05
9.2e-05
9e-05
9e-05
9.9e-05
0.0001
0.000113
0.000127
6.8e-05
0.000129
0.000163
0.000159
5e-05
5.2e-05
2.4e-05
6.4e-05
9.3e-05
8.9e-05
4.4e-05
0.000181
0.00012
7.8e-05
6.3e-05
6.4e-05
7.9e-05
7.8e-05
7.3e-05
6.4e-05
7.7e-05
7e-05
0.000114
0.000152
0.000121
8.2e-05
8.1e-05
8.1e-05
3.7e-05
0.000109
0.000177
0.000121
7.8e-05
5.7e-05
9.9e-05
8.7e-05
9.7e-05
0.000116
0.000104
7.5e-05
6.8e-05
0.000105
0.000102
8.4e-05
9.8e-05
8.9e-05
7.8e-05
7.2e-05
8e-05
7.4e-05
0.000111
0.000154
5.7e-05
2.3e-05
6.9e-05
0.000104
6.5e-05
0.000125
2.5e-05
7.1e-05
0.000109
6.3e-05
5.8e-05
0.000164
9e-06
0.000132
6.3e-05
0.000108
3.5e-05
8.4e-05
8.5e-05
0.000105
0.000116
8.9e-05
6.7e-05
6.5e-05
8.2e-05
6e-05
6.2e-05
6.5e-05
5.4e-05
4.8e-05
4.7e-05
4.3e-05
5.5e-05
6.4e-05
5.6e-05
6.8e-05
7.7e-05
7.6e-05
7.4e-05
7.9e-05
9.1e-05
0.000103
9.9e-05
8.7e-05
8.8e-05
9.7e-05
0.000102
0.000103
0.00011
0.000104
9.3e-05
8.8e-05
8.1e-05
8.1e-05
7.8e-05
6.5e-05
8.9e-05
0.000106
0.00012
0.000151
0.000158
2e-05
4.8e-05
2.8e-05
3.6e-05
4e-05
4.3e-05
3.3e-05
3.9e-05
5e-05
5.6e-05
6.9e-05
6.2e-05
4.2e-05
0.000115
7.4e-05
4.2e-05
4.8e-05
3.3e-05
8.8e-05
0.000118
0.000119
0.000118
0.000112
7.6e-05
8.5e-05
0.000102
0.000157
0.00016
0.000237
0.000155
1.5e-05
9.3e-05
5.1e-05
0.000105
9.7e-05
8.7e-05
0.000117
9.7e-05
8e-05
0.000104
8e-05
6.5e-05
7.3e-05
8.2e-05
8.6e-05
9.2e-05
9.9e-05
9.4e-05
0.000109
0.000128
0.000139
0.000144
0.000137
0.000119
7.4e-05
7.6e-05
7.9e-05
8.6e-05
6.2e-05
3.6e-05
8.1e-05
0.000107
5.1e-05
6.3e-05
0.000102
0.000122
0.00014
0.000138
0.000166
0.000147
9.2e-05
6.7e-05
6.7e-05
4.6e-05
8.3e-05
9.8e-05
9.6e-05
0.000115
0.000102
0.000111
9.6e-05
361 1
8.6e-05
8.5e-05
9.7e-05
9.4e-05
9.7e-05
9.9e-05
8.9e-05
9.3e-05
9.4e-05
4.9e-05
5.8e-05
4.4e-05
9.1e-05
0.000112
0.000112
0.000107
0.0001
9.3e-05
0.000116
0.000114
0.000101
7.8e-05
7.5e-05
8.2e-05
7.4e-05
7.7e-05
3.9e-05
6.4e-05
7.1e-05
5.9e-05
7.2e-05
8.4e-05
8.3e-05
8.2e-05
6.7e-05
8.9e-05
0.000133
0.000141
0.00015
9.6e-05
0.000104
0.000171
0.000221
0.000231
0.000227
0.000191
0.000167
8.8e-05
0.000102
0.000106
9.7e-05
4.7e-05
-8e-06
7e-05
9.1e-05
3.7e-05
8.7e-05
9.2e-05
0.000121
0.000103
3.6e-05
6e-05
7.8e-05
8.6e-05
4.8e-05
4.9e-05
5.2e-05
7.4e-05
7.9e-05
6.6e-05
7e-05
7.3e-05
9.1e-05
7.8e-05
9.8e-05
8.1e-05
6e-05
9.4e-05
0.000138
0.000132
6.1e-05
6.3e-05
8.5e-05
0.000115
0.000135
0.000126
0.000125
0.000114
8.3e-05
5.6e-05
6.6e-05
0.000112
8.2e-05
7.9e-05
5.3e-05
3.6e-05
4.8e-05
5.5e-05
4.8e-05
8.5e-05
7.5e-05
7.7e-05
8.5e-05
9.6e-05
0.000105
8.1e-05
7.9e-05
6.1e-05
6e-05
6.3e-05
0.000181
0.000183
0.000193
0.000159
0.000142
0.000116
0.000101
0.000104
0.000138
0.000145
0.000116
0.000115
0.000113
0.0001
0.000217
8.9e-05
4.4e-05
5.5e-05
7.2e-05
0.000145
0.000266
7.1e-05
0.0001
8.5e-05
0.000157
8.5e-05
0.000109
0.000108
6.4e-05
0.000109
9.6e-05
0.000145
9.8e-05
0.000118
0.000136
0.000147
0.000134
0.00011
2.8e-05
3.1e-05
2.1e-05
-9e-06
0.000147
4.4e-05
0.000115
7.5e-05
9.9e-05
7.3e-05
7e-05
7e-05
8.1e-05
8.1e-05
8.9e-05
8.6e-05
9.4e-05
9.6e-05
0.000115
9.9e-05
7.4e-05
4.8e-05
9.9e-05
0.000143
0.000102
9.5e-05
3.1e-05
-3e-06
1.7e-05
7.8e-05
8.4e-05
4.1e-05
0.000155
0.000125
7.1e-05
5.4e-05
6.2e-05
6.8e-05
7.7e-05
5.6e-05
7e-05
7.8e-05
5.4e-05
0.000118
0.000151
0.00013
8.3e-05
8.3e-05
9.1e-05
2.9e-05
0.000121
0.000157
9.6e-05
6.3e-05
8e-05
0.000102
0.000103
0.000119
8.9e-05
5.3e-05
9.4e-05
0.0001
0.000107
0.000108
9.8e-05
9.9e-05
8.8e-05
8e-05
6e-05
0.000116
0.000147
0.000106
2.9e-05
6.6e-05
4.9e-05
3.4e-05
5.6e-05
2.7e-05
7.9e-05
0.0001
0.000153
5.1e-05
0.000184
-1.7e-05
9.1e-05
3e-05
0.000169
0.000122
4.6e-05
9.5e-05
0.000116
0.000116
9.3e-05
9.1e-05
8e-05
7.4e-05
7.9e-05
8e-05
6.9e-05
7e-05
7.5e-05
7.7e-05
7.9e-05
8e-05
8.5e-05
7.8e-05
6.9e-05
5.5e-05
5.6e-05
7e-05
6.7e-05
6.9e-05
8.4e-05
9.6e-05
8.5e-05
7.5e-05
8.2e-05
8.8e-05
7.6e-05
6.7e-05
7.2e-05
6.9e-05
7.5e-05
8.9e-05
9.4e-05
9e-05
8.8e-05
7.3e-05
6.3e-05
6.3e-05
0.000128
0.000129
0.000111
0.000152
1.8e-05
4e-05
4.4e-05
4.6e-05
5.2e-05
4.7e-05
4.9e-05
6.2e-05
7.8e-05
8.2e-05
7.8e-05
6.7e-05
4.8e-05
4.4e-05
6.7e-05
6.2e-05
4.7e-05
4.4e-05
4.6e-05
8.6e-05
3.6e-05
6e-05
6.8e-05
7.9e-05
7.4e-05
6.1e-05
6e-05
7.1e-05
7.5e-05
8.7e-05
0.000249
0.000138
5.2e-05
8e-05
0.000118
9.7e-05
0.00011
0.000103
0.000103
0.000114
0.000101
9.3e-05
9.7e-05
9.5e-05
9.3e-05
9.5e-05
0.000102
0.000116
0.000138
0.000144
0.000129
0.0001
6.4e-05
7.6e-05
7.9e-05
8e-05
4.4e-05
5.9e-05
5.4e-05
7.8e-05
6.4e-05
6.7e-05
0.000114
8.5e-05
0.000172
8.3e-05
8e-05
6.5e-05
5.8e-05
7.3e-05
0.00011
0.000122
0.000123
0.000135
0.000112
0.000132
7.9e-05
9.5e-05
8.6e-05
361 1
7.7e-05
7.3e-05
8e-05
9.1e-05
7.7e-05
8.2e-05
0.000112
9e-05
0.000101
8.6e-05
3.9e-05
7.9e-05
0.000114
8.8e-05
7.9e-05
8.4e-05
0.000115
0.000113
0.000102
0.000149
4.6e-05
7.9e-05
8.8e-05
0.000111
4.6e-05
7.5e-05
1.3e-05
5.6e-05
0.000119
5.3e-05
6.8e-05
7.3e-05
7.9e-05
8.1e-05
6.9e-05
6.9e-05
0.000117
0.000142
0.000129
5.6e-05
3.5e-05
2.9e-05
5.5e-05
7.1e-05
8.6e-05
0.000156
0.000289
0.00032
0.000135
0.000127
7.4e-05
5.7e-05
6.5e-05
-4e-06
-6.8e-05
8.9e-05
4e-06
0.000167
9.4e-05
5.3e-05
0.000109
9.1e-05
6.2e-05
7.7e-05
4.4e-05
2.7e-05
2.1e-05
2.7e-05
4.2e-05
5.2e-05
9.8e-05
0.000107
9.5e-05
3.2e-05
3.4e-05
8.4e-05
0.000116
3.9e-05
8.4e-05
0.000101
9.7e-05
0.000114
0.000148
0.000105
0.000153
0.000127
0.000109
0.000108
4.7e-05
5.2e-05
8.6e-05
7.3e-05
7e-05
7.7e-05
6e-05
4.3e-05
1.8e-05
1.9e-05
8.2e-05
0.000137
5.7e-05
6.7e-05
5.2e-05
7.8e-05
9.5e-05
7.4e-05
5.4e-05
6.5e-05
0.000114
0.000145
8.4e-05
0.000149
0.000156
0.000177
0.000157
0.000164
0.000144
0.000129
0.000131
0.000126
0.000122
0.000142
0.000116
0.00011
7.9e-05
4.1e-05
0.000118
7.2e-05
1.6e-05
7.2e-05
2.9e-05
8.8e-05
0.000114
0.000144
7.4e-05
4.1e-05
5.3e-05
7.9e-05
8e-05
8.8e-05
0.000115
6.9e-05
6.7e-05
0.000115
0.000121
8.7e-05
0.000101
8.4e-05
0.000106
4.3e-05
0.000151
-4.3e-05
8.8e-05
0.000142
6.2e-05
0.000103
6.9e-05
9e-05
6.8e-05
6.5e-05
7e-05
8.3e-05
7e-05
6.6e-05
8.9e-05
0.000103
9.7e-05
0.000108
9e-05
8.8e-05
5.7e-05
8.7e-05
9.8e-05
0.000117
0.000114
0.0001
5.1e-05
2.9e-05
4e-06
7.8e-05
8.6e-05
7e-05
0.000158
9.7e-05
7.1e-05
5.2e-05
6.4e-05
6.6e-05
7.7e-05
6e-05
8.1e-05
5.8e-05
7.1e-05
0.000146
0.000131
0.000106
8e-05
0.000113
5.4e-05
0.000109
0.000143
8.1e-05
7.4e-05
9.6e-05
0.000113
0.00011
7.4e-05
5.9e-05
9.3e-05
0.000103
0.000101
8.9e-05
9.4e-05
0.000123
7.8e-05
8.6e-05
8.2e-05
0.000123
8.2e-05
0.000125
6.9e-05
8.1e-05
5.1e-05
7.8e-05
4.3e-05
2.1e-05
1.2e-05
8e-05
1.7e-05
1e-05
0.000142
6.8e-05
9.1e-05
0.000188
3e-06
6.6e-05
6.8e-05
0.000121
0.00015
0.000104
9.7e-05
8.1e-05
9.4e-05
9.4e-05
0.0001
0.000105
0.0001
9.3e-05
9.3e-05
7.9e-05
8.3e-05
9.4e-05
9.5e-05
9.5e-05
9.6e-05
8.8e-05
9e-05
7e-05
7.9e-05
7.4e-05
7.2e-05
6.1e-05
6.2e-05
7.4e-05
0.000114
0.00012
8.1e-05
7.4e-05
7.6e-05
8.2e-05
9.5e-05
0.000103
9.6e-05
0.0001
7.9e-05
6.3e-05
5.3e-05
5.8e-05
5.2e-05
0.000158
0.000207
6.1e-05
4.8e-05
6.7e-05
6.2e-05
5.4e-05
5.5e-05
5.6e-05
5.5e-05
5.3e-05
5.7e-05
6.2e-05
7.5e-05
8.7e-05
8.4e-05
9.1e-05
2.5e-05
2e-05
5.8e-05
2.5e-05
5.8e-05
5e-05
5.7e-05
2.4e-05
7.6e-05
6.5e-05
6.3e-05
7.6e-05
6.4e-05
7.1e-05
8.7e-05
0.000101
0.000104
9.4e-05
9.6e-05
0.000201
0.000161
7.3e-05
0.000128
0.000101
0.000121
8.3e-05
0.000103
0.000128
0.000137
0.000119
0.000106
0.000105
0.000111
0.000117
0.000122
0.000121
0.000101
6.8e-05
6.4e-05
6.4e-05
6e-05
7.6e-05
0.000101
0.000128
0.000121
7.6e-05
3.8e-05
6.6e-05
7.2e-05
0.000133
0.000109
5.9e-05
7e-05
0.000109
0.000118
8e-05
8.3e-05
9.7e-05
0.000136
0.00013
0.000118
9.1e-05
0.000105
9.2e-05
7.7e-05
361 1
8.1e-05
0.000105
6.6e-05
4.4e-05
5.7e-05
0.000177
0.000267
0.000114
8e-05
0.000119
6.2e-05
7.7e-05
0.000128
5.5e-05
0.000102
8.8e-05
7.1e-05
7.3e-05
9.7e-05
9.6e-05
8.1e-05
0.000135
8.9e-05
1.8e-05
9e-06
0.000101
7e-05
1.5e-05
0.000137
9.8e-05
8.1e-05
8.2e-05
7.8e-05
8.2e-05
5.5e-05
9.5e-05
0.000121
9.3e-05
0.0001
9.7e-05
6.3e-05
6.4e-05
7e-05
7.7e-05
9.7e-05
9.6e-05
9.7e-05
0.000102
0.000105
0.000302
0.00019
6.2e-05
0.000111
3.4e-05
-5.7e-05
7e-05
7.7e-05
0.000109
7.3e-05
7e-06
8.6e-05
5.5e-05
6.6e-05
8.3e-05
6.7e-05
4.7e-05
5.2e-05
7.2e-05
9.9e-05
9.5e-05
9.4e-05
8.6e-05
9e-05
4.3e-05
8.5e-05
5.9e-05
9.9e-05
0.000108
3.8e-05
0.000118
8.2e-05
6.1e-05
0.000108
0.000122
5e-05
0.000156
0.00014
5.6e-05
8e-05
7.8e-05
7.9e-05
8e-05
7.5e-05
5e-05
2.2e-05
2.5e-05
4e-06
2e-06
4.4e-05
5.8e-05
6.4e-05
5.8e-05
5.9e-05
6.2e-05
9.7e-05
0.000111
0.000122
0.000129
0.000159
0.000155
0.000153
0.000162
0.000143
0.00016
0.000164
0.000109
0.000114
0.000177
0.000174
0.000152
0.000127
0.000128
0.00013
0.000105
0.000119
0.00011
7.9e-05
4.8e-05
7.5e-05
0.000162
5.5e-05
8.2e-05
3.9e-05
0.000178
0.000139
0.000128
0.000149
7.4e-05
4.1e-05
5.3e-05
4.6e-05
0.000103
7.8e-05
9.7e-05
7e-05
6.9e-05
9.9e-05
0.0001
9.2e-05
9.7e-05
8e-05
3.5e-05
-2.9e-05
0.000145
8.8e-05
7.5e-05
7.7e-05
7.9e-05
9.7e-05
8.6e-05
7.5e-05
6.4e-05
6.8e-05
6.9e-05
7e-05
6.2e-05
7.7e-05
9.2e-05
9.4e-05
9.5e-05
7.7e-05
5.7e-05
8.9e-05
9.8e-05
9.4e-05
0.000104
0.000124
0.000119
7.3e-05
4.8e-05
5e-06
5e-05
7.8e-05
0.0001
0.000126
0.000111
6.9e-05
6e-05
4.4e-05
7.9e-05
9.5e-05
8.7e-05
6.9e-05
3.7e-05
2e-05
5.8e-05
0.000131
0.000145
8.7e-05
0.000114
6.2e-05
0.000144
0.000105
8.3e-05
8.3e-05
0.000112
8.3e-05
5.6e-05
7.4e-05
0.000103
0.000114
8.8e-05
9.1e-05
0.000111
0.000101
8.8e-05
0.00011
7.8e-05
9.5e-05
0.000103
8.6e-05
7.2e-05
8.2e-05
7.4e-05
8.2e-05
5.2e-05
4.1e-05
6.8e-05
4.8e-05
4.2e-05
7.7e-05
7.5e-05
1.6e-05
0.000159
3.5e-05
9.1e-05
0.000127
0.000115
0.000121
0.000104
0.000104
0.000102
9e-05
9.1e-05
8.1e-05
7.9e-05
7.5e-05
6.7e-05
7.5e-05
8.2e-05
7.4e-05
7.1e-05
7.3e-05
5.3e-05
6.2e-05
2.8e-05
3.4e-05
4e-05
5.6e-05
7.4e-05
9.3e-05
7.9e-05
5.1e-05
4.6e-05
4.5e-05
5.9e-05
6.7e-05
9.6e-05
0.000108
8.1e-05
8.6e-05
0.000104
0.0001
9e-05
7.6e-05
6.8e-05
8.2e-05
2.9e-05
0.000169
0.000294
0.000131
2.1e-05
5.4e-05
6.1e-05
5.4e-05
5.7e-05
6.2e-05
6.1e-05
5.5e-05
4.7e-05
4.6e-05
5.2e-05
5.6e-05
4.5e-05
4.3e-05
5.7e-05
7.1e-05
8.3e-05
5.2e-05
2.8e-05
4.7e-05
5.4e-05
5.5e-05
7e-05
6.1e-05
5e-05
3.5e-05
4.4e-05
4.5e-05
0.000146
8.1e-05
0.000119
7.7e-05
6.7e-05
6e-05
5.9e-05
7.3e-05
0.000118
9.7e-05
0.000316
8.2e-05
0.000106
0.000115
8.4e-05
0.000115
0.000138
0.000117
8.8e-05
9.6e-05
0.000122
0.000121
0.000106
0.000101
8.8e-05
8.1e-05
6.1e-05
6e-05
9.9e-05
0.000121
0.000156
3e-05
9.1e-05
0.000114
4.2e-05
7.4e-05
9.7e-05
0.00011
8.6e-05
0.000116
8.2e-05
9e-05
0.000149
7.7e-05
8.3e-05
0.000117
9.1e-05
0.000122
0.000113
0.000157
0.000121
8.1e-05
361 1
0.000119
0.000122
0.000107
0.000109
9.6e-05
9.4e-05
0.00013
0.000183
0.000255
0.000188
7.4e-05
0.00012
7.7e-05
6.9e-05
4.5e-05
9.4e-05
0.000101
0.000106
3.9e-05
8.8e-05
7.9e-05
0.00013
0.000106
8.8e-05
0.00013
-1.1e-05
8.2e-05
6.2e-05
8.5e-05
5.2e-05
8.8e-05
9.4e-05
8.7e-05
6e-05
7.4e-05
9.4e-05
9.4e-05
8.3e-05
0.000103
0.000111
7.8e-05
7.3e-05
9.4e-05
0.000122
0.00014
0.000138
0.000122
9.8e-05
0.000118
0.00015
0.000108
0.000198
1e-05
8e-06
-3e-05
3.4e-05
7.1e-05
0.000139
8.2e-05
7e-05
7.5e-05
6.4e-05
9e-05
7.7e-05
7.7e-05
4.1e-05
6.2e-05
7.8e-05
9.9e-05
0.000105
0.000103
0.000103
9.1e-05
6.6e-05
0.000127
7.9e-05
4e-05
9.9e-05
7.9e-05
6.3e-05
0.000136
4.5e-05
0.000103
0.000115
7.3e-05
0.000139
0.000136
1.9e-05
0.000148
9.6e-05
6.8e-05
6.3e-05
6.4e-05
3.5e-05
3.4e-05
2.9e-05
2.2e-05
2.1e-05
4.8e-05
5.4e-05
7.6e-05
8.4e-05
7.6e-05
8.1e-05
0.000124
9.2e-05
6.6e-05
6.1e-05
5.4e-05
6.7e-05
0.000128
0.000154
0.000139
0.000138
0.000147
0.000157
1.4e-05
7e-05
0.000163
0.000106
0.000149
0.000171
0.000111
9.9e-05
0.000102
0.000101
2.6e-05
9e-05
0.000249
2.2e-05
9.5e-05
0.000114
5.9e-05
6.8e-05
9.8e-05
0.000144
5.7e-05
9.6e-05
0.000188
0.00017
1.4e-05
5.9e-05
4.5e-05
5.6e-05
9.7e-05
8.4e-05
5.6e-05
6.8e-05
7.1e-05
8.1e-05
6.9e-05
0.000101
5.3e-05
6e-06
0.000107
6.9e-05
6.7e-05
0.000177
0.000101
9.3e-05
7.6e-05
7.7e-05
7.2e-05
6.7e-05
6.5e-05
7.1e-05
6.9e-05
0.000101
0.000103
9.1e-05
9.4e-05
8.2e-05
7.3e-05
7.4e-05
0.000106
9.4e-05
0.00011
0.00013
0.000182
0.000211
9.2e-05
4.5e-05
6e-06
3.6e-05
8.7e-05
8.1e-05
0.000109
9.9e-05
8e-05
7.8e-05
7.5e-05
8e-05
6.5e-05
9.2e-05
8.9e-05
3e-05
1.8e-05
4.8e-05
9e-05
0.000116
9.8e-05
0.000103
8.8e-05
0.000141
8.3e-05
6.9e-05
9.1e-05
7.8e-05
6.7e-05
0.000105
0.000112
8.7e-05
8.9e-05
0.000117
0.00011
9.3e-05
9.2e-05
0.000114
8.9e-05
0.000115
9.5e-05
8.6e-05
-8e-06
0.000124
6.9e-05
3.7e-05
0.000102
2.1e-05
2.8e-05
2.9e-05
0.000153
7.8e-05
6.5e-05
0.000162
6.6e-05
5.6e-05
0.000116
0.000132
0.000131
0.000109
8.8e-05
9.1e-05
7.1e-05
6.1e-05
5.4e-05
6.4e-05
6.9e-05
6e-05
6.3e-05
7.2e-05
6.8e-05
5.8e-05
5.8e-05
7.6e-05
7.7e-05
8.6e-05
0.000117
0.000136
0.000128
0.000117
0.00011
8e-05
6.3e-05
5.9e-05
9e-05
6.9e-05
5.3e-05
5.9e-05
6.6e-05
9.7e-05
0.000101
7.5e-05
9.2e-05
9.8e-05
8e-05
6.7e-05
6.8e-05
6.6e-05
0.000275
0.000167
4.2e-05
8.1e-05
7e-05
5.5e-05
6.6e-05
7.9e-05
7.2e-05
6.7e-05
5.8e-05
4.7e-05
5e-05
5.3e-05
3.7e-05
4.7e-05
5.7e-05
5.1e-05
4.6e-05
5.3e-05
6.6e-05
7e-05
5.8e-05
4.2e-05
3.8e-05
5.1e-05
3.9e-05
5.7e-05
7.9e-05
6.9e-05
-4e-06
5.1e-05
1.7e-05
8.4e-05
0.000139
9e-05
4.7e-05
3.9e-05
5.5e-05
0.000133
4.7e-05
8.4e-05
0.000131
0.000221
7.7e-05
0.00013
0.000114
9.5e-05
0.000107
0.000113
8.1e-05
8e-05
0.000122
0.000144
0.000104
8.5e-05
9.9e-05
7.4e-05
8e-05
0.000103
0.000142
0.000155
0.000136
0.000174
0.000104
0.000121
5.3e-05
6.3e-05
9.7e-05
0.0001
0.000112
5.6e-05
7.8e-05
0.000107
9.2e-05
8e-05
7.4e-05
7.1e-05
7.7e-05
6.4e-05
9.9e-05
0.000148
0.000119
361 1
0.000102
0.000129
0.000168
0.000159
0.000138
0.0001
0.000111
0.000154
0.000173
0.000157
0.000108
0.000105
9.3e-05
9.6e-05
0.000113
9.7e-05
0.000127
0.000128
0.000149
0.000125
7.9e-05
7.5e-05
9.4e-05
9.3e-05
0.000101
5.8e-05
7.7e-05
7.4e-05
6.5e-05
6.2e-05
6.8e-05
7.9e-05
6.2e-05
6.2e-05
5.1e-05
0.000107
9.4e-05
9e-05
0.000108
0.000101
0.000107
0.000116
8.4e-05
6.5e-05
7.2e-05
8.2e-05
9.1e-05
7.9e-05
9.1e-05
0.000117
0.000106
0.000144
6.9e-05
3.4e-05
-6e-06
8e-06
8.7e-05
0.000124
9.6e-05
3.5e-05
0.000123
4e-05
5.8e-05
3.6e-05
2.8e-05
1.2e-05
9e-06
5.5e-05
8.6e-05
5.6e-05
6.1e-05
6e-05
0.000126
7.9e-05
6.7e-05
8.9e-05
0.000122
0.000104
7.3e-05
5.7e-05
9.9e-05
3.3e-05
8.1e-05
7.7e-05
0.000113
0.000125
0.000129
2.3e-05
0.000167
9.8e-05
8.8e-05
9.5e-05
8.2e-05
5.4e-05
3.9e-05
3.6e-05
2.7e-05
2.6e-05
4.8e-05
4.5e-05
5.3e-05
6.4e-05
7.2e-05
0.000102
0.000102
7.1e-05
0.000119
0.000105
5.8e-05
0.000106
0.000122
0.000152
0.000169
0.00015
0.000143
0.000138
0.000145
0.000176
0.000196
0.000181
0.000185
0.000129
0.000123
0.000127
0.000161
0.000153
0.000111
9.7e-05
9.2e-05
5.4e-05
0.000182
0.000162
6.3e-05
9.4e-05
0.000102
2.6e-05
4.2e-05
0.000191
9e-05
4e-05
9.5e-05
2.1e-05
0.000141
3.9e-05
6.3e-05
4.6e-05
0.000102
8.7e-05
6.4e-05
9.8e-05
7.5e-05
0.0001
7.3e-05
6.4e-05
7.2e-05
8.6e-05
6.8e-05
0.00012
0.000174
9.8e-05
7.1e-05
8.1e-05
7.4e-05
8.2e-05
7.9e-05
6.9e-05
5.8e-05
5.8e-05
7.5e-05
8.2e-05
9.4e-05
9.3e-05
0.000139
9.2e-05
6.2e-05
8.1e-05
0.000116
0.000107
8.4e-05
0.000192
0.000244
0.000182
0.000145
0.0001
3.4e-05
3.3e-05
2.8e-05
6.2e-05
8.3e-05
8.1e-05
7.2e-05
9.1e-05
9.3e-05
0.000105
9.6e-05
8.7e-05
0.000124
7.7e-05
3e-05
1.6e-05
3.7e-05
9.6e-05
0.000132
0.000112
9.6e-05
0.000114
7.8e-05
7.7e-05
7.7e-05
7.8e-05
0.000125
0.000112
0.000118
0.000124
0.000114
0.000119
0.000103
0.000112
0.000104
9.9e-05
7.7e-05
0.000134
3.5e-05
4.2e-05
0.000109
4.8e-05
6e-05
-2.2e-05
1.8e-05
4e-06
0.000137
-1.2e-05
4.2e-05
0.000163
0.000153
9.3e-05
0.00013
0.000136
8.3e-05
8.6e-05
5.8e-05
5.9e-05
5.3e-05
5.1e-05
6e-05
8.4e-05
0.000101
9.4e-05
8.5e-05
7.3e-05
8e-05
6.2e-05
6.6e-05
7.4e-05
7.5e-05
9.9e-05
0.000115
0.000105
0.000106
9.4e-05
0.00013
0.000114
0.000104
0.000125
8.1e-05
7.4e-05
7.5e-05
8.8e-05
6.4e-05
8.1e-05
8.5e-05
8.6e-05
7.3e-05
8.6e-05
6.5e-05
6.7e-05
7.5e-05
0.000136
0.00019
6.3e-05
9.2e-05
8.5e-05
6.4e-05
6.1e-05
5e-05
4.4e-05
4.5e-05
4.3e-05
5.2e-05
4.8e-05
5e-05
6e-05
5e-05
4.7e-05
5.6e-05
7e-05
7.2e-05
6.6e-05
5.8e-05
5.5e-05
5.9e-05
6.7e-05
7.5e-05
7.4e-05
5.2e-05
3.1e-05
3.8e-05
4e-05
7.1e-05
9.1e-05
6.5e-05
4.8e-05
0.000108
3.5e-05
8.6e-05
0.000253
0.00013
2.9e-05
5.1e-05
0.000126
3.3e-05
9.1e-05
0.000146
0.000192
0.000104
0.000106
0.000109
0.000108
9.5e-05
9e-05
9.9e-05
0.000139
0.000139
6.9e-05
5.1e-05
7.4e-05
7.8e-05
7.3e-05
5.4e-05
9.5e-05
0.000147
0.000169
0.000171
0.000179
0.000165
6.2e-05
7.6e-05
0.0001
0.000122
7.1e-05
8.1e-05
7e-05
7.4e-05
7.2e-05
8.2e-05
7.3e-05
7.7e-05
9e-05
8.9e-05
7.8e-05
0.000102
